  283 R     8.2023 0.1   5.2483 0.1 
   99 G1    2.9510 0.1   3.2066 0.1 
  198 G3    2.6748 0.1   7.9078 0.1 
  238 G1    3.1766 0.1   2.9460 0.1 
  447 G1    2.8224 0.1   3.0213 0.1 
  415 R     1.2475 0.1   4.1704 0.1 
  187 R     7.5433 0.1   2.0032 0.1 
  190 G3    2.6772 0.1   6.8620 0.1 
  116 G2    5.7749 0.1   5.6251 0.1 
  283 G2    6.9133 0.1   5.2459 0.1 
  443 G3    3.4571 0.1   8.4448 0.1 
  449 G3    2.6611 0.1   6.8935 0.1 
   54 R     6.3745 0.1   5.1882 0.1 
  493 R     9.3970 0.1   0.8224 0.1 
  483 G1    3.0199 0.1   2.7320 0.1 
  315 G2    6.9369 0.1   5.0897 0.1 
   37 G3    2.8902 0.1   7.7704 0.1 
  229 R     3.2568 0.1   0.3434 0.1 
  158 G3    2.6187 0.1   7.8612 0.1 
  377 G3    3.0731 0.1   8.3824 0.1 
  155 G1    2.1729 0.1   3.0465 0.1 
  231 G2    6.0100 0.1   5.8544 0.1 
  178 G2    6.5264 0.1   5.2293 0.1 
  143 G2    6.1734 0.1   4.8452 0.1 
   24 G3    3.3540 0.1   8.6142 0.1 
  110 G1    2.9152 0.1   2.7444 0.1 
  250 G1    3.2027 0.1   2.6912 0.1 
  476 G1    3.6776 0.1   2.9952 0.1 
   13 G2    7.2738 0.1   4.5749 0.1 
  227 G2    7.0871 0.1   4.9322 0.1 
  139 G2    7.3045 0.1   4.6797 0.1 
  198 R     6.7599 0.1   5.3741 0.1 
  358 G3    4.8996 0.1   8.6191 0.1 
  152 G2    7.7642 0.1   3.7519 0.1 
  179 G3    2.5169 0.1   8.0474 0.1 
  100 G3    4.0498 0.1   8.2553 0.1 
  374 G1    2.8860 0.1   2.6421 0.1 
  287 R     5.7768 0.1   9.7993 0.1 
   66 R     9.4375 0.1   9.7252 0.1 
  293 R     2.5596 0.1   4.5516 0.1 
  271 R     8.2228 0.1   7.9756 0.1 
  459 G2    6.9396 0.1   5.0854 0.1 
  304 G3    3.2251 0.1   8.3348 0.1 
  323 G1    4.3867 0.1   3.0830 0.1 
    8 R     6.8042 0.1   2.5217 0.1 
  350 G2    6.3006 0.1   5.3993 0.1 
  160 G3    2.7972 0.1   6.7446 0.1 
  120 G2    8.5693 0.1   5.0148 0.1 
  227 G3    2.0902 0.1   6.6884 0.1 
  232 G2    7.3965 0.1   4.6136 0.1 
   25 G2    6.6072 0.1   5.4813 0.1 
  234 G3    3.8374 0.1   9.2391 0.1 
   77 G1    3.0446 0.1   3.3267 0.1 
  122 R     2.9808 0.1   5.5394 0.1 
  476 R     6.1280 0.1   9.1139 0.1 
  348 G3    2.8550 0.1   7.9862 0.1 
  146 R     8.3937 0.1   4.9839 0.1 
  202 G1    2.5636 0.1   2.5607 0.1 
  368 R     7.6445 0.1   1.1603 0.1 
  391 R     9.7781 0.1   6.6469 0.1 
  381 R     7.7783 0.1   0.6279 0.1 
  359 G1    3.2978 0.1   3.1942 0.1 
  110 R     8.2748 0.1   4.3903 0.1 
  306 R     1.7844 0.1   3.3407 0.1 
  257 G2    7.2663 0.1   5.5714 0.1 
  170 G1    2.7777 0.1   2.7557 0.1 
  445 G3    2.7195 0.1   7.4854 0.1 
   21 G1    3.0665 0.1   3.5318 0.1 
  379 G3    3.7429 0.1   7.7329 0.1 
  388 R     2.2112 0.1   2.7596 0.1 
  470 G2    9.0323 0.1   4.0902 0.1 
  166 R     5.0421 0.1   9.4888 0.1 
  211 G1    3.9039 0.1   2.9836 0.1 
  193 R     1.9938 0.1   2.3755 0.1 
   77 R     7.1161 0.1   2.7342 0.1 
  167 G3    2.9158 0.1   7.6151 0.1 
  434 G2    6.4504 0.1   5.2228 0.1 
  334 G2    5.9628 0.1   4.5820 0.1 
  417 G3    3.3921 0.1   8.2006 0.1 
   82 R     1.6863 0.1   0.2358 0.1 
  264 G3    3.2927 0.1   8.4257 0.1 
  280 G1    2.8037 0.1   3.0684 0.1 
  135 G3    2.5617 0.1   7.9369 0.1 
   33 G1    3.2789 0.1   2.8546 0.1 
  192 G2    6.9344 0.1   5.2369 0.1 
  197 R     2.6727 0.1   0.2047 0.1 
  168 G2    5.6997 0.1   5.7871 0.1 
  351 G3    2.8932 0.1   7.9005 0.1 
   52 G1    2.7174 0.1   3.1090 0.1 
  149 G2    6.4463 0.1   4.0767 0.1 
  127 G3    2.0503 0.1   7.3033 0.1 
   27 G1    3.4238 0.1   2.8030 0.1 
  363 R     1.7380 0.1   6.1540 0.1 
  431 R     9.2655 0.1   4.7615 0.1 
  150 G2    7.3814 0.1   7.0371 0.1 
  322 G2    6.6223 0.1   4.7092 0.1 
    7 G1    2.9252 0.1   3.0363 0.1 
  356 R     7.0302 0.1   4.6445 0.1 
  254 G1    2.2307 0.1   2.9409 0.1 
   74 G1    2.9243 0.1   3.2551 0.1 
  156 G2    7.1723 0.1   4.7373 0.1 
  472 G2    7.5501 0.1   4.4881 0.1 
  394 G3    1.9849 0.1   7.0259 0.1 
  158 G2    5.9614 0.1   5.8472 0.1 
  452 R     3.8448 0.1   5.3278 0.1 
  161 G2    7.4724 0.1   5.2833 0.1 
  365 R     8.6167 0.1   3.7759 0.1 
  165 R     9.1279 0.1   6.3046 0.1 
  444 G3    2.3974 0.1   7.3792 0.1 
  269 G2    6.6627 0.1   5.2459 0.1 
  136 G3    3.3049 0.1   8.5812 0.1 
   23 R     6.8710 0.1   8.8439 0.1 
   54 G2    6.7838 0.1   5.1095 0.1 
  149 G1    3.5522 0.1   2.6002 0.1 
  286 G2    6.6463 0.1   4.9162 0.1 
  404 G3    4.5232 0.1   9.1905 0.1 
  364 G3    3.0909 0.1   8.4034 0.1 
  100 G1    3.0610 0.1   3.3099 0.1 
  155 R     2.7217 0.1   8.5431 0.1 
  182 G2    6.3268 0.1   5.4894 0.1 
    3 G3    2.5129 0.1   7.1463 0.1 
  424 R     3.4961 0.1   2.1071 0.1 
   45 G2    8.3388 0.1   4.7266 0.1 
  219 R     8.1293 0.1   4.4686 0.1 
  140 R     0.4848 0.1   5.9398 0.1 
  110 G3    4.1788 0.1   9.0434 0.1 
  259 G2    7.8163 0.1   4.0526 0.1 
  196 G2    6.7578 0.1   5.1270 0.1 
  495 G1    3.8485 0.1   3.3015 0.1 
  382 G3    2.1387 0.1   6.6991 0.1 
   63 G2    6.4351 0.1   5.8382 0.1 
  442 G1    3.3530 0.1   2.9608 0.1 
  363 G3    3.1795 0.1   8.5507 0.1 
  396 G3    2.7936 0.1   7.9352 0.1 
  374 R     2.7445 0.1   1.7780 0.1 
   29 G1    2.9292 0.1   2.8596 0.1 
  238 R     0.0949 0.1   9.5752 0.1 
  214 G3    3.6947 0.1   8.8142 0.1 
  272 R     1.0216 0.1   1.9535 0.1 
  464 G2    7.0918 0.1   4.8316 0.1 
  299 R     6.4012 0.1   5.9399 0.1 
  417 G2    7.2039 0.1   3.3193 0.1 
   87 R     4.2354 0.1   8.8328 0.1 
  290 G3    2.2770 0.1   7.5445 0.1 
   91 G3    3.0299 0.1   8.8023 0.1 
  187 G3    2.5051 0.1   7.4000 0.1 
  239 G3    2.3294 0.1   7.2506 0.1 
  412 G2    6.7063 0.1   5.3633 0.1 
  447 G3    2.4964 0.1   7.7994 0.1 
  459 G1    2.4654 0.1   3.0329 0.1 
  477 R     3.4994 0.1   2.6997 0.1 
   99 R     7.0053 0.1   9.1735 0.1 
  372 G3    2.9807 0.1   7.9799 0.1 
  296 G1    3.4207 0.1   3.0335 0.1 
  231 R     9.8105 0.1   6.6890 0.1 
  307 R     1.4966 0.1   9.6288 0.1 
   95 G3    2.1334 0.1   6.9999 0.1 
  428 R     9.1989 0.1   9.6868 0.1 
    4 G3    3.2323 0.1   8.0591 0.1 
  315 G1    2.3284 0.1   2.9135 0.1 
   25 G3    2.6517 0.1   8.1569 0.1 
  305 G2    6.2261 0.1   6.5776 0.1 
  224 R     1.9224 0.1   6.6375 0.1 
  241 G1    2.8325 0.1   2.5697 0.1 
  263 G3    3.9125 0.1   8.6756 0.1 
  142 G3    3.1698 0.1   7.7160 0.1 
  298 R     2.7582 0.1   7.3304 0.1 
  266 R     9.7041 0.1   6.7970 0.1 
  497 G2    6.9580 0.1   5.4970 0.1 
   68 G3    3.8840 0.1   9.0888 0.1 
   55 R     8.0247 0.1   0.2701 0.1 
   47 G1    3.2081 0.1   2.7823 0.1 
  455 G1    2.8443 0.1   3.3671 0.1 
  252 R     4.3972 0.1   8.9364 0.1 
  293 G3    2.3212 0.1   7.1330 0.1 
  333 R     9.8965 0.1   7.7699 0.1 
  424 G2    6.8818 0.1   5.2408 0.1 
  102 G3    3.4008 0.1   8.3963 0.1 
  263 G1    2.2623 0.1   3.1972 0.1 
  129 G3    2.2355 0.1   7.0146 0.1 
  296 G3    3.1112 0.1   8.1383 0.1 
   55 G3    2.8267 0.1   7.7454 0.1 
  486 G1    2.9886 0.1   2.8237 0.1 
   58 G2    6.9591 0.1   5.0809 0.1 
  291 G1    2.8445 0.1   3.2144 0.1 
  325 G1    3.1187 0.1   2.9117 0.1 
  399 G2    6.2509 0.1   4.5190 0.1 
  478 G2    7.7667 0.1   6.6621 0.1 
  203 R     5.5036 0.1   5.5591 0.1 
  408 G2    6.8028 0.1   5.1517 0.1 
   89 G3    1.2696 0.1   7.1441 0.1 
   59 R     5.3612 0.1   7.6209 0.1 
  425 G3    3.4915 0.1   8.8859 0.1 
  367 G2    7.3025 0.1   4.8651 0.1 
  285 G1    3.1623 0.1   3.1147 0.1 
   61 G1    2.4610 0.1   3.4162 0.1 
  429 R     7.9221 0.1   2.2802 0.1 
  168 G3    2.6327 0.1   8.2691 0.1 
  366 R     1.0246 0.1   5.9243 0.1 
  270 G3    4.1090 0.1   8.9530 0.1 
   76 G3    3.5146 0.1   8.1805 0.1 
  164 R     3.7499 0.1   1.0089 0.1 
  121 G1    2.9927 0.1   3.3106 0.1 
  169 G3    3.3750 0.1   7.8843 0.1 
   80 G1    3.2123 0.1   3.6536 0.1 
  318 G1    3.7119 0.1   2.8035 0.1 
   78 G2    6.6126 0.1   5.7504 0.1 
  298 G2    7.4521 0.1   4.4542 0.1 
  151 G3    2.9454 0.1   7.0141 0.1 
  424 G1    2.9289 0.1   2.9310 0.1 
  423 G3    2.6382 0.1   7.0918 0.1 
  277 G3    3.8377 0.1   8.6736 0.1 
   43 G2    7.7518 0.1   4.2198 0.1 
  129 G2    7.2402 0.1   4.7103 0.1 
  297 G3    3.4753 0.1   8.9636 0.1 
   17 G3    3.3194 0.1   9.1826 0.1 
   41 G2    5.3857 0.1   6.4305 0.1 
  465 G3    3.2843 0.1   8.2105 0.1 
  413 R     0.7626 0.1   6.6971 0.1 
  204 G3    1.8257 0.1   7.0355 0.1 
  316 R     9.2213 0.1   2.8833 0.1 
   86 R     6.9030 0.1   4.8140 0.1 
  194 R     4.0041 0.1   5.8808 0.1 
  277 R     4.2130 0.1   0.2557 0.1 
  341 G2    7.4333 0.1   4.9221 0.1 
  117 G3    4.2985 0.1   9.0067 0.1 
   34 G2    6.5496 0.1   5.4904 0.1 
    8 G2    7.4634 0.1   4.7016 0.1 
  285 R     0.1729 0.1   8.1490 0.1 
   30 G3    2.7465 0.1   6.5615 0.1 
  458 R     6.4374 0.1   0.0435 0.1 
  329 R     5.2052 0.1   6.9312 0.1 
  472 R     1.8168 0.1   1.7804 0.1 
  440 G1    2.6662 0.1   2.8206 0.1 
  409 G3    3.5863 0.1   8.7066 0.1 
  232 G1    4.3058 0.1   3.1444 0.1 
  279 R     1.3950 0.1   0.7431 0.1 
  261 G3    2.9555 0.1   7.9349 0.1 
   89 R     5.6308 0.1   4.0283 0.1 
  144 G2    7.1085 0.1   4.7889 0.1 
  220 R     4.7830 0.1   9.7508 0.1 
  269 G3    2.8465 0.1   7.8251 0.1 
  498 R     9.0418 0.1   0.1022 0.1 
  183 G1    2.9292 0.1   3.3774 0.1 
  456 G2    7.3751 0.1   4.7210 0.1 
  393 G1    2.8525 0.1   2.8380 0.1 
   11 G3    2.6137 0.1   8.1975 0.1 
  225 G1    3.1285 0.1   3.1997 0.1 
  291 G3    2.8077 0.1   7.8313 0.1 
   68 R     8.7370 0.1   8.0388 0.1 
  287 G3    3.2701 0.1   8.1816 0.1 
  251 R     9.9741 0.1   9.0748 0.1 
  227 G1    2.0339 0.1   3.0326 0.1 
   19 G1    2.1837 0.1   2.9669 0.1 
   80 G3    3.3021 0.1   8.1386 0.1 
  295 R     5.4987 0.1   3.7692 0.1 
  441 G3    2.4940 0.1   7.4961 0.1 
  261 R     3.5846 0.1   3.9822 0.1 
   51 R     5.5231 0.1   4.3675 0.1 
   38 G1    3.4390 0.1   3.4357 0.1 
  307 G3    2.0212 0.1   7.2337 0.1 
  230 G3    2.8975 0.1   8.2003 0.1 
  327 G3    2.8121 0.1   7.8563 0.1 
  143 G3    2.2971 0.1   8.4202 0.1 
  355 G1    2.2394 0.1   2.5888 0.1 
   62 R     6.8062 0.1   7.8696 0.1 
  192 G1    2.9157 0.1   3.0069 0.1 
   63 G1    2.8502 0.1   3.0134 0.1 
  249 G3    3.4906 0.1   7.2963 0.1 
  262 R     1.3457 0.1   1.3179 0.1 
  420 G3    1.0141 0.1   8.1182 0.1 
  158 R     9.5818 0.1   8.1504 0.1 
  274 G2    5.6108 0.1   5.7078 0.1 
  444 G1    2.5937 0.1   2.1064 0.1 
   65 G1    4.1318 0.1   3.2721 0.1 
   17 G2    8.1254 0.1   3.2671 0.1 
  386 G1    3.0147 0.1   2.8419 0.1 
  278 G3    2.6787 0.1   7.7801 0.1 
  191 R     2.2007 0.1   3.2645 0.1 
  352 G2    5.4445 0.1   4.9528 0.1 
  499 G1    3.0436 0.1   2.7903 0.1 
  105 R     2.5791 0.1   2.1110 0.1 
   81 G2    7.5756 0.1   4.6077 0.1 
  150 G3    2.6139 0.1   6.9389 0.1 
  143 R     8.8395 0.1   0.9498 0.1 
  375 G1    3.4072 0.1   3.1587 0.1 
  408 R     4.2119 0.1   9.6353 0.1 
  385 R     2.8210 0.1   5.9119 0.1 
  408 G1    3.4453 0.1   2.9588 0.1 
  290 R     6.0040 0.1   8.6931 0.1 
  480 G3    2.8458 0.1   7.8111 0.1 
  217 G1    2.7182 0.1   3.1541 0.1 
  332 G1    2.2482 0.1   2.5635 0.1 
  221 G3    1.8562 0.1   6.4321 0.1 
  208 G2    7.0713 0.1   5.0132 0.1 
  147 R     6.0133 0.1   8.3568 0.1 
  354 G2    6.7311 0.1   5.3232 0.1 
  398 G1    3.9021 0.1   3.0659 0.1 
  463 G3    2.9422 0.1   8.7338 0.1 
  372 G1    2.8761 0.1   2.9024 0.1 
  192 G3    2.6503 0.1   7.0107 0.1 
  251 G2    6.7141 0.1   5.2884 0.1 
  390 G3    4.2971 0.1   9.0763 0.1 
  267 R     8.8587 0.1   2.8850 0.1 
  454 G1    3.1066 0.1   3.2344 0.1 
   46 G2    7.0349 0.1   4.9143 0.1 
  156 G1    2.6874 0.1   2.9828 0.1 
  345 G2    7.1042 0.1   4.8702 0.1 
   42 R     9.9909 0.1   1.4935 0.1 
  485 G1    3.3233 0.1   2.7591 0.1 
  435 G1    3.2029 0.1   2.6707 0.1 
   73 R     5.4356 0.1   0.7122 0.1 
  268 R     2.0374 0.1   5.8920 0.1 
   64 G2    7.7863 0.1   3.8504 0.1 
  238 G2    7.5417 0.1   3.9149 0.1 
  109 G2    7.0602 0.1   5.1709 0.1 
  300 G2    7.4412 0.1   4.6221 0.1 
   81 G3    3.1288 0.1   8.1542 0.1 
  428 G3    3.5668 0.1   8.7252 0.1 
  342 G1    3.3123 0.1   2.6101 0.1 
  171 G1    2.8205 0.1   3.0285 0.1 
  178 G1    2.9362 0.1   3.0995 0.1 
  255 G2    8.0396 0.1   4.0495 0.1 
  391 G3    3.7579 0.1   8.0176 0.1 
  365 G2    6.1434 0.1   5.5905 0.1 
  238 G3    2.7045 0.1   7.8130 0.1 
  210 G1    3.9982 0.1   3.4562 0.1 
  347 R     9.6731 0.1   4.5810 0.1 
    3 G1    3.1681 0.1   3.4221 0.1 
  209 G1    3.3782 0.1   3.3031 0.1 
  254 G3    2.5811 0.1   7.2412 0.1 
  494 R     2.8845 0.1   1.6079 0.1 
   81 R     6.7383 0.1   8.5302 0.1 
  240 R     8.7307 0.1   4.0922 0.1 
    1 G1    3.0538 0.1   2.8007 0.1 
  236 G1    2.7008 0.1   2.9197 0.1 
  310 G1    3.8577 0.1   2.5874 0.1 
  339 R     0.6165 0.1   8.7166 0.1 
  163 G2    6.7711 0.1   5.6451 0.1 
  306 G1    2.0912 0.1   3.1488 0.1 
  435 G2    6.9136 0.1   5.1504 0.1 
  219 G1    3.2840 0.1   3.2938 0.1 
  387 G2    7.1337 0.1   4.8640 0.1 
  461 G1    2.7401 0.1   3.0879 0.1 
  210 G2    8.5852 0.1   4.3078 0.1 
   36 G3    3.1876 0.1   8.1449 0.1 
   85 G1    3.5432 0.1   2.8371 0.1 
  234 G1    2.8781 0.1   3.0482 0.1 
  130 R     5.5077 0.1   1.4679 0.1 
    4 G1    3.3529 0.1   3.4400 0.1 
  343 G2    7.6854 0.1   4.4336 0.1 
  272 G3    4.2848 0.1   5.3716 0.1 
  459 G3    2.4937 0.1   7.8815 0.1 
  292 G3    3.9684 0.1   9.1269 0.1 
   47 G2    7.5252 0.1   3.6364 0.1 
  474 G2    7.7650 0.1   3.9775 0.1 
   12 G3    3.4265 0.1   8.3899 0.1 
  425 G2    7.2990 0.1   4.6250 0.1 
  156 G3    4.2725 0.1   6.9917 0.1 
  204 G2    7.5660 0.1   4.6938 0.1 
  465 R     8.8523 0.1   4.2838 0.1 
  486 G2    7.5163 0.1   6.1964 0.1 
   66 G2    7.5492 0.1   2.8860 0.1 
  458 G1    3.3790 0.1   2.7905 0.1 
  335 R     4.6951 0.1   7.5593 0.1 
  437 G3    3.5388 0.1   8.2704 0.1 
  218 R     8.4437 0.1   3.7357 0.1 
  285 G3    1.6096 0.1   7.4873 0.1 
  481 G3    2.6244 0.1   7.8850 0.1 
  353 G2    7.4798 0.1   5.7771 0.1 
  403 R     0.5235 0.1   0.0824 0.1 
  133 R     0.2006 0.1   5.1945 0.1 
  214 R     6.9468 0.1   6.9679 0.1 
  199 G1    3.0322 0.1   3.1948 0.1 
   53 G3    3.0932 0.1   8.1478 0.1 
  246 G2    8.2042 0.1   4.4528 0.1 
  471 R     2.7684 0.1   3.9272 0.1 
  138 G2    7.2610 0.1   4.5748 0.1 
  432 R     8.1710 0.1   9.7179 0.1 
  358 G2    6.6206 0.1   5.5706 0.1 
   30 G2    6.6780 0.1   4.2953 0.1 
  109 R     2.5750 0.1   9.9425 0.1 
  101 G2    6.6214 0.1   5.4345 0.1 
  453 G1    3.0194 0.1   2.6368 0.1 
  111 G1    2.6953 0.1   3.1018 0.1 
  260 G1    3.4650 0.1   2.8758 0.1 
  139 R     5.2451 0.1   7.0290 0.1 
  311 R     8.8357 0.1   9.5432 0.1 
  124 G3    1.8924 0.1   7.1823 0.1 
  135 G2    7.2671 0.1   4.1259 0.1 
  201 G2    6.7244 0.1   5.2302 0.1 
   68 G2    7.4911 0.1   4.6991 0.1 
   30 R     7.7761 0.1   4.3856 0.1 
  400 R     9.5254 0.1   4.1460 0.1 
  341 R     2.4730 0.1   9.0085 0.1 
  436 G2    8.3407 0.1   4.5029 0.1 
  354 G3    4.0276 0.1   8.1491 0.1 
  109 G3    2.0193 0.1   7.9432 0.1 
   65 G3    2.4202 0.1   7.1723 0.1 
  424 G3    3.7194 0.1   8.2599 0.1 
  148 R     4.8684 0.1   6.0514 0.1 
  454 R     3.5763 0.1   7.5340 0.1 
  492 G3    2.9077 0.1   7.9491 0.1 
  270 G1    3.0624 0.1   3.1067 0.1 
  483 G3    1.9492 0.1   7.2690 0.1 
  390 G1    3.3908 0.1   3.0042 0.1 
  116 G3    3.0757 0.1   8.0640 0.1 
  293 G2    7.4305 0.1   4.5267 0.1 
  438 R     3.5423 0.1   8.5210 0.1 
  271 G3    2.9529 0.1   7.9538 0.1 
  204 R     5.3563 0.1   9.9417 0.1 
  212 G1    1.9756 0.1   2.5202 0.1 
  471 G2    7.2022 0.1   4.7250 0.1 
  461 R     7.7364 0.1   8.1119 0.1 
  460 R     1.7386 0.1   0.8379 0.1 
  108 G2    7.7744 0.1   4.2409 0.1 
  343 R     6.9316 0.1   4.9853 0.1 
  207 G1    1.9958 0.1   2.9320 0.1 
  473 G1    2.7612 0.1   2.7461 0.1 
  460 G1    2.6416 0.1   2.7412 0.1 
   37 R     7.9637 0.1   6.2561 0.1 
  312 G2    6.3699 0.1   5.2703 0.1 
  449 G1    2.9965 0.1   3.3135 0.1 
  426 G3    4.6086 0.1   8.3806 0.1 
  146 G1    3.4482 0.1   2.6911 0.1 
   36 R     1.6678 0.1   5.0257 0.1 
  295 G2    7.2419 0.1   4.7175 0.1 
   48 G3    4.2159 0.1   8.2894 0.1 
  443 G1    2.2617 0.1   3.0456 0.1 
  337 G2    7.2028 0.1   4.2647 0.1 
  370 R     3.8125 0.1   8.9249 0.1 
  241 R     2.9829 0.1   8.6492 0.1 
  455 R     8.1011 0.1   8.1414 0.1 
  222 G3    3.5565 0.1   7.7152 0.1 
  164 G3    3.1728 0.1   6.2384 0.1 
  317 R     9.3177 0.1   1.0125 0.1 
  325 R     5.0840 0.1   9.6131 0.1 
  272 G2    6.4628 0.1   5.6757 0.1 
  368 G3    3.4530 0.1   8.2554 0.1 
  305 G1    2.8942 0.1   2.7428 0.1 
   73 G1    2.5873 0.1   3.1626 0.1 
  427 G1    4.1429 0.1   2.9718 0.1 
  150 G1    2.4515 0.1   2.9379 0.1 
    5 G3    3.5945 0.1   10.3366 0.1 
  244 G3    4.5676 0.1   9.1616 0.1 
  357 G3    2.3114 0.1   7.4491 0.1 
  341 G1    2.9511 0.1   3.3074 0.1 
  247 G3    1.9073 0.1   7.0222 0.1 
  288 G1    3.0152 0.1   2.6414 0.1 
   50 G2    5.8793 0.1   6.4461 0.1 
  215 G2    8.0570 0.1   3.9081 0.1 
  268 G1    3.6960 0.1   2.8566 0.1 
  289 G1    2.7312 0.1   3.3138 0.1 
  468 R     3.0418 0.1   7.6622 0.1 
  370 G2    7.6276 0.1   4.4306 0.1 
  326 G1    4.1258 0.1   2.8179 0.1 
  105 G1    2.7796 0.1   2.7849 0.1 
  136 R     1.8179 0.1   4.0791 0.1 
  435 R     7.0745 0.1   9.7301 0.1 
  156 R     9.3467 0.1   4.7818 0.1 
  453 R     9.2933 0.1   8.4223 0.1 
   29 G2    7.0641 0.1   6.5701 0.1 
  332 G3    2.8146 0.1   7.7271 0.1 
  358 R     2.2413 0.1   1.7657 0.1 
    4 G2    7.3417 0.1   4.5573 0.1 
  195 G3    2.7471 0.1   7.6921 0.1 
    7 R     0.5890 0.1   9.8023 0.1 
  329 G2    6.4214 0.1   5.4071 0.1 
  367 R     5.1784 0.1   7.5111 0.1 
  362 G1    3.0288 0.1   2.5936 0.1 
  209 G3    3.3966 0.1   8.3384 0.1 
  229 G1    3.2875 0.1   3.0642 0.1 
  292 G1    2.8246 0.1   2.6748 0.1 
  222 G2    7.3792 0.1   4.9602 0.1 
  470 G1    3.3326 0.1   2.9925 0.1 
  302 G2    7.2596 0.1   4.7850 0.1 
  373 G1    3.3353 0.1   3.1111 0.1 
  327 G1    2.7838 0.1   3.3910 0.1 
  441 G2    7.5381 0.1   4.7067 0.1 
    2 R     2.1349 0.1   5.6184 0.1 
  199 G3    3.2502 0.1   8.0006 0.1 
  457 G2    7.3823 0.1   6.1940 0.1 
  442 R     8.6171 0.1   1.5880 0.1 
  189 G2    7.2895 0.1   4.4961 0.1 
   42 G3    2.0633 0.1   7.5521 0.1 
  299 G3    3.0157 0.1   7.3350 0.1 
    0 R     2.2230 0.1   0.9374 0.1 
  252 G1    2.3359 0.1   3.0622 0.1 
  201 R     5.0208 0.1   3.5353 0.1 
  163 G3    3.0972 0.1   8.1126 0.1 
  324 G3    3.9837 0.1   8.9842 0.1 
  414 G3    2.7889 0.1   7.4918 0.1 
  323 G3    2.9572 0.1   7.4736 0.1 
  476 G3    4.0784 0.1   8.4454 0.1 
  253 G3    4.5300 0.1   8.4792 0.1 
  402 R     5.6855 0.1   9.2677 0.1 
  495 R     8.0871 0.1   1.3382 0.1 
  290 G1    3.1002 0.1   3.3749 0.1 
   44 G1    3.8695 0.1   2.4755 0.1 
  496 G1    2.2327 0.1   2.7817 0.1 
  267 G1    3.3237 0.1   2.8388 0.1 
  216 R     7.9847 0.1   1.1014 0.1 
    1 G2    7.4645 0.1   4.6415 0.1 
  430 G2    6.7206 0.1   5.2259 0.1 
  401 R     7.9514 0.1   4.2838 0.1 
   29 R     2.6715 0.1   3.5348 0.1 
  426 G2    7.2475 0.1   4.4206 0.1 
  152 G1    2.6110 0.1   3.4151 0.1 
  394 G1    3.4153 0.1   2.9651 0.1 
   39 R     1.3656 0.1   6.8743 0.1 
  452 G2    7.6094 0.1   4.3515 0.1 
  106 G3    2.9343 0.1   8.2620 0.1 
   28 G1    3.3013 0.1   3.0140 0.1 
  235 R     9.2499 0.1   2.2985 0.1 
  134 G2    6.2125 0.1   5.7772 0.1 
  379 G2    7.7330 0.1   4.2357 0.1 
  145 G2    6.1675 0.1   5.3129 0.1 
   22 G2    5.7958 0.1   5.4073 0.1 
   79 G2    6.9423 0.1   6.7855 0.1 
  265 G3    3.0705 0.1   8.0796 0.1 
  126 G3    3.4302 0.1   8.2287 0.1 
  157 G3    3.0941 0.1   8.0959 0.1 
    5 R     0.2456 0.1   3.6459 0.1 
  248 G3    1.5743 0.1   6.6993 0.1 
  122 G2    7.7384 0.1   4.3877 0.1 
  116 R     2.1754 0.1   9.4803 0.1 
  484 G3    1.7404 0.1   6.4002 0.1 
  390 R     5.8428 0.1   6.1516 0.1 
  377 G1    3.3604 0.1   2.8177 0.1 
  254 G2    6.7319 0.1   4.8751 0.1 
  123 G3    2.6499 0.1   7.3993 0.1 
   69 G2    7.3480 0.1   4.9096 0.1 
    6 G2    6.8098 0.1   5.0495 0.1 
   57 G1    2.2800 0.1   2.8510 0.1 
  147 G3    1.6285 0.1   6.6255 0.1 
  496 G3    3.6020 0.1   8.8131 0.1 
  494 G3    2.3395 0.1   7.2755 0.1 
  360 G1    3.0203 0.1   2.5389 0.1 
   64 R     6.5545 0.1   3.8955 0.1 
  130 G1    3.2484 0.1   3.1771 0.1 
  224 G3    2.2793 0.1   7.6046 0.1 
  338 G2    7.2625 0.1   4.3995 0.1 
  282 G3    2.5142 0.1   7.4950 0.1 
  192 R     9.5634 0.1   8.6699 0.1 
   14 R     3.3819 0.1   5.2928 0.1 
  101 G1    2.5771 0.1   3.0051 0.1 
  182 G1    2.9565 0.1   2.8884 0.1 
  299 G1    2.8845 0.1   3.4054 0.1 
  173 G1    2.7212 0.1   3.7926 0.1 
  412 R     9.6952 0.1   4.8238 0.1 
  234 R     9.0965 0.1   2.7325 0.1 
  369 G3    3.5535 0.1   8.9797 0.1 
   69 R     1.9256 0.1   7.8669 0.1 
   33 R     3.1048 0.1   4.0496 0.1 
  203 G1    3.2525 0.1   3.0631 0.1 
  278 R     4.6028 0.1   0.4506 0.1 
   40 G3    4.3541 0.1   8.0658 0.1 
  318 R     4.3597 0.1   3.4872 0.1 
  366 G1    3.5104 0.1   2.8733 0.1 
  161 G1    3.0511 0.1   3.1722 0.1 
  113 G1    2.8850 0.1   2.7793 0.1 
  440 R     7.3395 0.1   2.1059 0.1 
  185 G3    2.5056 0.1   7.5421 0.1 
  432 G2    6.6828 0.1   5.5425 0.1 
   92 G2    6.3721 0.1   5.3834 0.1 
  266 G2    6.5727 0.1   5.5862 0.1 
  297 G1    2.4510 0.1   3.3129 0.1 
  273 G1    2.8257 0.1   3.3231 0.1 
  249 G1    2.3679 0.1   3.0359 0.1 
  327 R     4.9136 0.1   0.4170 0.1 
  456 G3    2.6846 0.1   7.7696 0.1 
  144 R     4.2875 0.1   7.1552 0.1 
  161 R     0.3936 0.1   6.3069 0.1 
  371 R     2.4918 0.1   3.3954 0.1 
  124 G1    2.3704 0.1   3.0809 0.1 
  260 G3    2.4482 0.1   8.3847 0.1 
  448 G1    3.7512 0.1   2.6930 0.1 
  390 G2    7.1943 0.1   4.8593 0.1 
  426 R     4.0205 0.1   7.8540 0.1 
  251 G3    4.6062 0.1   9.4242 0.1 
  123 R     2.4887 0.1   5.7885 0.1 
  439 G2    5.8944 0.1   5.2586 0.1 
  206 R     9.6889 0.1   2.3275 0.1 
   78 G1    2.6171 0.1   2.9513 0.1 
  278 G2    6.9033 0.1   5.0769 0.1 
  492 G1    2.7062 0.1   3.0023 0.1 
  359 R     5.5667 0.1   5.2518 0.1 
  299 G2    6.6302 0.1   4.7728 0.1 
  491 G3    3.2100 0.1   8.9423 0.1 
  107 G1    3.0839 0.1   3.0490 0.1 
  118 R     8.2241 0.1   1.5097 0.1 
  161 G3    3.1028 0.1   7.9758 0.1 
  259 R     8.0786 0.1   7.7040 0.1 
  243 G1    2.8162 0.1   3.2078 0.1 
  409 G2    7.7396 0.1   4.6841 0.1 
   10 G3    3.4628 0.1   8.5063 0.1 
   41 G3    3.4997 0.1   8.6471 0.1 
  291 G2    5.7560 0.1   6.1378 0.1 
  415 G3    2.8857 0.1   7.9083 0.1 
   95 G2    7.3599 0.1   4.5893 0.1 
    2 G2    7.2355 0.1   4.5824 0.1 
  159 G1    3.8576 0.1   2.9068 0.1 
  310 R     9.6287 0.1   2.3073 0.1 
   57 G3    3.5648 0.1   8.7822 0.1 
  111 G2    6.7382 0.1   5.5132 0.1 
  186 G1    3.0087 0.1   2.6785 0.1 
  416 G3    1.3641 0.1   6.1278 0.1 
  339 G1    2.8547 0.1   2.5915 0.1 
    7 G3    2.8966 0.1   7.9424 0.1 
  349 G2    7.0229 0.1   5.7538 0.1 
   96 G3    2.7655 0.1   7.8372 0.1 
  349 G1    3.1223 0.1   3.0197 0.1 
  437 G2    7.2908 0.1   4.2666 0.1 
   40 G2    6.9762 0.1   5.0184 0.1 
  202 R     8.0139 0.1   8.5273 0.1 
  342 G3    2.9276 0.1   7.2377 0.1 
  180 G1    3.2603 0.1   2.7605 0.1 
  377 G2    7.0061 0.1   5.1680 0.1 
  215 R     6.8033 0.1   0.9554 0.1 
  318 G2    7.1114 0.1   4.8213 0.1 
   41 G1    3.0826 0.1   3.3475 0.1 
  112 R     3.4625 0.1   0.5132 0.1 
  317 G3    3.3335 0.1   8.4603 0.1 
  248 G2    9.0092 0.1   3.9971 0.1 
   83 G2    6.9056 0.1   5.5002 0.1 
    0 G2    7.6623 0.1   4.6266 0.1 
  250 R     0.7387 0.1   4.5677 0.1 
  208 G3    1.8293 0.1   7.7027 0.1 
  494 G2    5.3918 0.1   6.1366 0.1 
  397 G2    7.6049 0.1   6.3814 0.1 
  330 G2    7.2866 0.1   4.6954 0.1 
  118 G3    3.7182 0.1   8.8489 0.1 
  284 G2    6.4052 0.1   5.6503 0.1 
  467 G3    2.0681 0.1   7.4920 0.1 
  361 R     0.5224 0.1   1.1524 0.1 
  184 G3    4.0934 0.1   9.2835 0.1 
  179 R     8.0688 0.1   4.2855 0.1 
  105 G2    6.4525 0.1   4.8070 0.1 
    5 G2    7.6502 0.1   4.4950 0.1 
   95 R     6.1129 0.1   5.8614 0.1 
  385 G2    6.5038 0.1   4.3542 0.1 
  451 R     5.1022 0.1   3.0050 0.1 
  292 R     7.0187 0.1   9.5883 0.1 
  213 G2    7.2295 0.1   4.7053 0.1 
  471 G3    3.5554 0.1   7.6012 0.1 
  319 G2    7.1331 0.1   5.3302 0.1 
  393 G2    8.2886 0.1   4.5213 0.1 
  379 R     2.9032 0.1   1.6873 0.1 
  311 G1    2.7876 0.1   3.1037 0.1 
  481 G1    2.5599 0.1   2.7215 0.1 
    1 R     7.1927 0.1   9.2468 0.1 
  122 G3    2.2931 0.1   7.0364 0.1 
  165 G3    1.2927 0.1   7.5198 0.1 
   82 G2    5.1471 0.1   5.9566 0.1 
  331 R     6.9366 0.1   1.1854 0.1 
  197 G3    2.7481 0.1   8.5755 0.1 
  129 R     9.1956 0.1   2.6452 0.1 
  276 R     4.2735 0.1   2.9789 0.1 
  347 G1    2.7671 0.1   3.2260 0.1 
  236 G2    7.3666 0.1   4.4973 0.1 
  133 G1    2.4152 0.1   2.8766 0.1 
   23 G1    3.1998 0.1   2.7670 0.1 
   60 R     4.9899 0.1   6.8957 0.1 
  427 R     4.1569 0.1   7.0025 0.1 
  119 G1    3.3850 0.1   2.8899 0.1 
   39 G3    3.0317 0.1   8.2764 0.1 
  369 R     3.3569 0.1   0.6515 0.1 
   92 G1    2.8447 0.1   2.6960 0.1 
   46 R     3.7133 0.1   4.8630 0.1 
  214 G2    6.7749 0.1   5.2694 0.1 
  498 G1    2.7008 0.1   3.0270 0.1 
  374 G3    3.1011 0.1   8.0405 0.1 
  366 G3    3.2376 0.1   8.1651 0.1 
  117 R     3.1099 0.1   1.0038 0.1 
  167 G2    8.1915 0.1   4.3883 0.1 
   83 R     3.8118 0.1   0.3301 0.1 
   18 G3    2.5381 0.1   8.0003 0.1 
  481 R     4.8954 0.1   3.9793 0.1 
  437 G1    2.8794 0.1   2.6934 0.1 
  236 R     5.5360 0.1   0.7583 0.1 
  414 R     4.1889 0.1   5.6907 0.1 
  128 R     1.4708 0.1   8.8566 0.1 
  334 G1    2.5951 0.1   3.6496 0.1 
  308 R     0.5624 0.1   6.2953 0.1 
  383 G1    2.7178 0.1   2.9426 0.1 
  101 G3    3.0841 0.1   8.3458 0.1 
  131 G1    3.1890 0.1   3.0385 0.1 
  239 R     5.2045 0.1   9.9482 0.1 
  155 G3    3.4656 0.1   7.3645 0.1 
  400 G3    2.2119 0.1   7.3291 0.1 
  220 G2    7.7445 0.1   4.2352 0.1 
  266 G3    2.8522 0.1   7.5993 0.1 
  108 G1    1.9700 0.1   2.9895 0.1 
    9 G2    6.3980 0.1   5.7169 0.1 
  237 G3    5.8700 0.1   9.8447 0.1 
  444 R     6.1711 0.1   8.0024 0.1 
  366 G2    7.3362 0.1   4.6898 0.1 
  162 G2    5.1001 0.1   5.4730 0.1 
  103 G2    7.9466 0.1   4.0343 0.1 
  267 G2    6.9193 0.1   5.1239 0.1 
  190 R     0.2770 0.1   6.5997 0.1 
  334 G3    3.8690 0.1   8.4732 0.1 
  391 G1    3.3030 0.1   2.9589 0.1 
  298 G3    2.2067 0.1   6.7633 0.1 
  345 G3    2.1243 0.1   7.0603 0.1 
  328 R     5.5237 0.1   5.2040 0.1 
  434 G1    2.5708 0.1   3.0017 0.1 
  296 G2    7.8737 0.1   4.6351 0.1 
   60 G1    2.9421 0.1   3.3372 0.1 
  484 R     7.0895 0.1   4.7993 0.1 
  289 G3    2.9779 0.1   7.9680 0.1 
  326 G3    3.7102 0.1   8.7098 0.1 
  491 G2    5.0708 0.1   4.3823 0.1 
  466 R     7.2323 0.1   9.6094 0.1 
  169 G2    6.4513 0.1   5.5182 0.1 
  346 R     5.9931 0.1   2.7409 0.1 
   67 G2    7.8618 0.1   4.4106 0.1 
  312 G3    3.4872 0.1   7.9706 0.1 
   38 R     4.8100 0.1   0.9148 0.1 
  179 G1    3.1665 0.1   3.0589 0.1 
  410 G3    2.4845 0.1   7.3214 0.1 
  232 R     8.7658 0.1   5.5599 0.1 
  126 G1    3.1354 0.1   3.2168 0.1 
   77 G2    6.6285 0.1   5.3218 0.1 
   43 R     7.2266 0.1   6.0962 0.1 
  142 G2    5.6164 0.1   5.5794 0.1 
  471 G1    2.6594 0.1   3.2853 0.1 
  152 G3    2.5928 0.1   7.5937 0.1 
  130 G2    6.0988 0.1   5.9132 0.1 
   98 G2    6.3335 0.1   6.4605 0.1 
  493 G3    2.7095 0.1   7.4062 0.1 
  212 G2    6.2251 0.1   3.6825 0.1 
   94 G3    1.9497 0.1   7.0898 0.1 
  166 G2    7.1679 0.1   4.8561 0.1 
   94 G1    2.9467 0.1   2.9477 0.1 
   80 R     1.5339 0.1   4.6372 0.1 
  202 G2    7.8121 0.1   4.5841 0.1 
   43 G3    2.9903 0.1   7.9791 0.1 
  400 G1    2.3807 0.1   2.4850 0.1 
  184 G1    2.6857 0.1   3.2190 0.1 
  410 G2    6.8891 0.1   5.4144 0.1 
  188 G3    3.4363 0.1   7.8090 0.1 
    1 G3    3.5297 0.1   8.3756 0.1 
  146 G3    4.1670 0.1   9.1420 0.1 
  213 G3    3.9907 0.1   8.8258 0.1 
  492 R     4.0438 0.1   1.9615 0.1 
  133 G2    6.5694 0.1   5.0126 0.1 
  398 R     4.5537 0.1   0.0459 0.1 
  442 G3    3.1221 0.1   8.8223 0.1 
  118 G2    6.5907 0.1   3.5923 0.1 
  383 G3    3.0694 0.1   8.1732 0.1 
  499 G3    2.2434 0.1   7.2850 0.1 
  220 G1    2.4368 0.1   2.8197 0.1 
  268 G2    6.9221 0.1   5.1529 0.1 
  467 G1    2.6720 0.1   2.8556 0.1 
  444 G2    8.1160 0.1   4.1651 0.1 
   84 G3    3.0844 0.1   8.1840 0.1 
  153 G1    3.0234 0.1   2.9386 0.1 
  141 G1    3.1942 0.1   2.5800 0.1 
  379 G1    3.0729 0.1   3.0778 0.1 
  422 R     0.8310 0.1   8.4552 0.1 
   73 G3    2.5124 0.1   8.3533 0.1 
  419 G1    2.7109 0.1   2.9362 0.1 
   72 R     6.6794 0.1   2.3544 0.1 
  116 G1    2.4481 0.1   2.7542 0.1 
  230 G2    6.9617 0.1   5.8187 0.1 
  243 G2    7.2158 0.1   5.2046 0.1 
  340 G1    2.8757 0.1   2.9343 0.1 
   82 G1    3.2516 0.1   3.1047 0.1 
  350 G3    2.9033 0.1   7.7428 0.1 
  427 G3    2.9574 0.1   6.8550 0.1 
  177 R     2.1241 0.1   1.3668 0.1 
  183 G3    2.8556 0.1   8.4677 0.1 
  408 G3    2.1757 0.1   8.7382 0.1 
  104 R     4.1540 0.1   6.4209 0.1 
   47 R     6.5430 0.1   2.9410 0.1 
  461 G2    5.8342 0.1   4.8367 0.1 
   80 G2    6.5084 0.1   6.0178 0.1 
  148 G1    2.7873 0.1   2.5747 0.1 
  107 R     7.7028 0.1   7.6706 0.1 
   20 G2    7.2759 0.1   4.7495 0.1 
   45 G3    2.2805 0.1   7.6648 0.1 
  253 R     1.3968 0.1   1.9359 0.1 
  318 G3    2.8065 0.1   7.3287 0.1 
  375 G2    6.8911 0.1   4.7256 0.1 
  108 R     6.6022 0.1   9.1957 0.1 
  346 G2    7.1050 0.1   4.4157 0.1 
  324 G2    5.9133 0.1   5.7067 0.1 
   14 G2    6.9700 0.1   5.0252 0.1 
   28 G3    2.7202 0.1   7.6989 0.1 
   74 G2    7.6222 0.1   6.1109 0.1 
    6 G3    2.8681 0.1   7.7631 0.1 
  436 R     7.8626 0.1   2.7096 0.1 
  337 R     7.8996 0.1   4.3408 0.1 
  250 G2    6.6936 0.1   5.8649 0.1 
   99 G3    1.9515 0.1   8.1754 0.1 
  240 G3    3.7134 0.1   8.8406 0.1 
   71 R     3.4159 0.1   6.1214 0.1 
  421 G1    2.2899 0.1   2.4345 0.1 
  349 G3    2.2724 0.1   7.7495 0.1 
  487 G3    2.4327 0.1   9.1532 0.1 
  309 G2    8.2629 0.1   4.7366 0.1 
  415 G1    2.3639 0.1   3.2624 0.1 
   58 G3    1.6893 0.1   6.7959 0.1 
  277 G1    2.8616 0.1   2.7077 0.1 
  481 G2    7.8857 0.1   5.8206 0.1 
  322 G3    2.7638 0.1   7.5754 0.1 
  454 G2    6.5834 0.1   5.2394 0.1 
   19 R     1.5078 0.1   0.7944 0.1 
  492 G2    7.7786 0.1   4.4632 0.1 
   45 R     5.2570 0.1   4.0766 0.1 
  434 R     9.8952 0.1   3.7573 0.1 
  113 R     5.6121 0.1   2.0031 0.1 
  314 G2    7.9240 0.1   4.5642 0.1 
  127 G1    2.8507 0.1   2.8680 0.1 
  166 G1    3.1610 0.1   3.2459 0.1 
  396 G2    6.5219 0.1   5.6214 0.1 
  132 G3    2.0643 0.1   7.2740 0.1 
  228 G3    3.4157 0.1   8.2810 0.1 
   58 R     1.8387 0.1   7.5481 0.1 
   48 R     0.9105 0.1   9.2996 0.1 
  457 G1    2.9851 0.1   3.2363 0.1 
   12 G2    6.4074 0.1   5.2572 0.1 
  170 G2    6.8005 0.1   5.1787 0.1 
  483 G2    6.6269 0.1   5.3877 0.1 
  206 G1    2.1810 0.1   3.3904 0.1 
  395 G1    3.2310 0.1   2.9746 0.1 
   24 G1    3.3071 0.1   2.8135 0.1 
  399 G3    3.0392 0.1   8.4486 0.1 
  257 R     4.8638 0.1   1.0885 0.1 
  411 R     4.7935 0.1   8.8880 0.1 
  331 G3    3.3980 0.1   8.3571 0.1 
  479 G1    2.5831 0.1   3.0342 0.1 
  473 G2    7.2290 0.1   4.6696 0.1 
  248 G1    2.6389 0.1   3.1486 0.1 
  197 G1    2.9109 0.1   3.2478 0.1 
   88 R     1.4258 0.1   0.1382 0.1 
  321 R     7.5569 0.1   5.9461 0.1 
  466 G1    2.1038 0.1   3.0055 0.1 
  450 G1    2.3146 0.1   3.2616 0.1 
  397 G3    3.3080 0.1   8.2993 0.1 
   94 R     2.2659 0.1   9.1663 0.1 
  354 G1    2.0588 0.1   2.8608 0.1 
   56 G3    2.3874 0.1   8.1961 0.1 
  430 R     6.5920 0.1   8.3633 0.1 
  439 G3    2.5685 0.1   7.6229 0.1 
  364 G1    3.4199 0.1   2.6774 0.1 
   77 G3    3.5181 0.1   8.4325 0.1 
  260 R     4.7396 0.1   3.0601 0.1 
  433 G3    2.4050 0.1   7.6123 0.1 
  197 G2    6.6731 0.1   5.4496 0.1 
    8 G3    2.9212 0.1   7.7636 0.1 
  417 G1    2.9507 0.1   3.1747 0.1 
    3 R     3.0933 0.1   7.3353 0.1 
  389 G3    4.0526 0.1   6.8247 0.1 
  219 G3    3.2198 0.1   8.2637 0.1 
  176 G1    3.6866 0.1   2.9258 0.1 
  208 G1    3.4586 0.1   3.0785 0.1 
  489 G2    7.1353 0.1   4.8181 0.1 
  262 G2    6.9539 0.1   4.9898 0.1 
  210 G3    4.3152 0.1   7.5838 0.1 
  458 G3    2.2575 0.1   6.6532 0.1 
  472 G3    3.0203 0.1   8.3757 0.1 
  175 G2    6.8971 0.1   5.0812 0.1 
  225 R     7.3214 0.1   3.0182 0.1 
  257 G3    3.9545 0.1   8.7205 0.1 
  317 G1    2.6243 0.1   3.2877 0.1 
  484 G2    7.4350 0.1   4.7155 0.1 
  131 G2    6.5037 0.1   5.3165 0.1 
  398 G3    2.5752 0.1   7.7188 0.1 
  364 R     9.0110 0.1   9.9063 0.1 
  480 G2    7.4027 0.1   4.7452 0.1 
  106 R     9.4270 0.1   7.2476 0.1 
  215 G3    4.5475 0.1   9.2281 0.1 
   41 R     6.4404 0.1   8.1357 0.1 
  331 G2    7.1838 0.1   4.9197 0.1 
   57 G2    6.6444 0.1   5.4078 0.1 
  384 G2    6.6026 0.1   5.3956 0.1 
  477 G1    1.7662 0.1   2.5426 0.1 
  477 G2    7.1748 0.1   4.8414 0.1 
  128 G1    3.3722 0.1   3.1514 0.1 
  207 G3    1.0278 0.1   6.4087 0.1 
  256 R     1.4304 0.1   1.9594 0.1 
   37 G2    6.6143 0.1   5.2331 0.1 
  460 G3    3.0335 0.1   8.5931 0.1 
  214 G1    3.7081 0.1   3.0074 0.1 
  246 R     7.7699 0.1   6.3528 0.1 
  351 G2    7.9117 0.1   4.2119 0.1 
  185 G1    4.0062 0.1   3.0261 0.1 
  258 G2    6.5494 0.1   5.2560 0.1 
  123 G2    5.7666 0.1   4.6353 0.1 
  209 G2    7.1652 0.1   4.6140 0.1 
  235 G2    8.5311 0.1   3.8153 0.1 
  246 G3    3.5328 0.1   8.2484 0.1 
   30 G1    2.6970 0.1   3.1627 0.1 
  310 G2    6.2998 0.1   6.0767 0.1 
  438 G1    3.3097 0.1   3.1574 0.1 
  274 R     9.1256 0.1   3.9336 0.1 
  154 G2    7.5888 0.1   4.6974 0.1 
   32 G3    1.9222 0.1   6.5261 0.1 
  102 R     0.7402 0.1   3.4811 0.1 
  235 G3    2.4333 0.1   8.1143 0.1 
  186 G2    5.6475 0.1   6.5094 0.1 
  300 G1    2.6550 0.1   3.0154 0.1 
   33 G3    3.5716 0.1   8.3843 0.1 
  280 G2    6.0925 0.1   5.0641 0.1 
   83 G3    3.8012 0.1   8.5935 0.1 
  155 G2    7.1969 0.1   4.6165 0.1 
   11 G1    3.3429 0.1   3.3162 0.1 
  125 G2    6.9010 0.1   5.1553 0.1 
  205 G2    6.8062 0.1   5.1759 0.1 
  351 G1    2.9308 0.1   3.3329 0.1 
  143 G1    3.1923 0.1   2.8728 0.1 
  440 G3    3.3504 0.1   8.6848 0.1 
  183 R     6.3786 0.1   7.9447 0.1 
   20 G1    3.0087 0.1   2.7529 0.1 
  289 G2    6.3783 0.1   5.2193 0.1 
  207 R     2.1793 0.1   3.2018 0.1 
  463 G1    2.8171 0.1   2.5880 0.1 
  295 G3    2.7678 0.1   8.1135 0.1 
   92 G3    4.4640 0.1   10.2703 0.1 
  245 R     8.3005 0.1   7.1475 0.1 
  104 G2    8.0069 0.1   4.1176 0.1 
   84 G1    1.9634 0.1   2.8698 0.1 
   50 G1    3.7145 0.1   2.7992 0.1 
  371 G2    7.4945 0.1   4.7273 0.1 
  242 G2    6.6994 0.1   5.3483 0.1 
  397 R     7.2191 0.1   5.0711 0.1 
  180 G3    2.8103 0.1   7.8925 0.1 
  338 R     0.3782 0.1   7.0195 0.1 
   39 G2    6.1014 0.1   5.4240 0.1 
  422 G1    3.6901 0.1   2.4635 0.1 
  125 G1    2.8896 0.1   2.5290 0.1 
    5 G1    3.2762 0.1   3.6439 0.1 
  184 G2    6.6039 0.1   5.6544 0.1 
  242 G3    2.3827 0.1   7.3234 0.1 
  416 G2    6.5780 0.1   5.4247 0.1 
   86 G1    2.9625 0.1   3.1232 0.1 
  281 G3    2.4785 0.1   7.4289 0.1 
  120 G1    2.8890 0.1   3.1856 0.1 
  181 G2    6.6468 0.1   5.2583 0.1 
   62 G2    6.1178 0.1   5.5946 0.1 
  183 G2    6.8476 0.1   5.1844 0.1 
  231 G1    2.2113 0.1   2.8558 0.1 
  323 R     4.6773 0.1   7.0313 0.1 
  123 G1    2.8610 0.1   2.9889 0.1 
  188 R     9.9278 0.1   2.8855 0.1 
   90 G1    3.4120 0.1   3.4629 0.1 
  340 R     1.7636 0.1   1.5381 0.1 
  226 R     1.3242 0.1   5.6306 0.1 
  103 G1    2.4918 0.1   2.7623 0.1 
  178 R     1.3829 0.1   0.0175 0.1 
  423 G2    6.8497 0.1   5.6426 0.1 
  303 G3    2.6743 0.1   7.6867 0.1 
  362 G3    3.1997 0.1   8.2559 0.1 
   25 G1    2.1649 0.1   2.8982 0.1 
  135 G1    3.1310 0.1   3.1455 0.1 
  286 R     9.3997 0.1   0.5650 0.1 
  314 R     2.3111 0.1   0.7086 0.1 
  218 G3    2.4484 0.1   7.9837 0.1 
  133 G3    3.6923 0.1   10.0019 0.1 
  489 G3    2.5500 0.1   7.4167 0.1 
  384 G1    3.6171 0.1   3.1785 0.1 
  392 R     0.0344 0.1   6.0814 0.1 
  368 G1    2.4868 0.1   2.6372 0.1 
  193 G3    4.4944 0.1   9.4744 0.1 
  103 G3    3.4940 0.1   7.5514 0.1 
  137 R     5.8107 0.1   3.5136 0.1 
    0 G1    3.6614 0.1   2.7378 0.1 
  370 G1    2.8888 0.1   2.3395 0.1 
  227 R     0.3174 0.1   1.0976 0.1 
  223 G2    6.9162 0.1   5.0725 0.1 
  115 G1    3.1406 0.1   3.5832 0.1 
  243 G3    1.6353 0.1   6.6243 0.1 
  200 G3    1.1381 0.1   7.3418 0.1 
  195 G2    6.2169 0.1   6.0707 0.1 
  388 G3    3.9796 0.1   7.6586 0.1 
  164 G1    3.6949 0.1   2.9551 0.1 
  115 G2    7.2535 0.1   5.8573 0.1 
  340 G3    3.0362 0.1   8.0072 0.1 
  421 G3    1.9892 0.1   6.9850 0.1 
  452 G3    3.1993 0.1   8.8421 0.1 
  275 G3    3.2764 0.1   8.2895 0.1 
  217 G3    2.3129 0.1   6.7478 0.1 
   52 G3    3.0784 0.1   8.3295 0.1 
  159 G3    3.6645 0.1   8.6080 0.1 
  382 G1    2.9390 0.1   2.9423 0.1 
  285 G2    7.0763 0.1   4.9033 0.1 
  277 G2    7.7087 0.1   4.4410 0.1 
  377 R     7.1175 0.1   2.7749 0.1 
  407 G2    7.4960 0.1   4.6046 0.1 
  406 G3    3.0831 0.1   8.4921 0.1 
  402 G3    3.5205 0.1   8.2888 0.1 
   45 G1    2.0652 0.1   3.0192 0.1 
  333 G1    3.2055 0.1   3.1161 0.1 
  470 G3    3.2628 0.1   8.2292 0.1 
  225 G3    2.6302 0.1   7.7347 0.1 
  440 G2    7.0952 0.1   5.6795 0.1 
  386 R     2.3789 0.1   0.1689 0.1 
   59 G3    2.4584 0.1   9.2625 0.1 
  115 G3    3.1053 0.1   9.1085 0.1 
  117 G1    2.8963 0.1   3.0368 0.1 
  211 G2    7.2707 0.1   4.5779 0.1 
   91 G1    2.8114 0.1   3.0316 0.1 
  446 G2    6.8041 0.1   5.2576 0.1 
  196 G3    1.3392 0.1   6.6300 0.1 
  407 G3    2.4792 0.1   9.4944 0.1 
  355 R     6.2086 0.1   7.1116 0.1 
  173 G2    7.4102 0.1   4.7224 0.1 
  335 G3    2.1732 0.1   6.7424 0.1 
   44 G2    5.9756 0.1   6.6952 0.1 
  497 G3    5.0643 0.1   8.5757 0.1 
  308 G3    4.1225 0.1   10.1489 0.1 
  425 G1    2.7785 0.1   3.1084 0.1 
  119 R     5.1698 0.1   1.4542 0.1 
  294 G3    3.6036 0.1   8.3153 0.1 
  375 R     0.7679 0.1   4.8811 0.1 
  281 G1    3.5523 0.1   3.1279 0.1 
  422 G2    6.5807 0.1   5.7317 0.1 
  293 G1    3.7202 0.1   3.1085 0.1 
  489 R     5.3100 0.1   9.8537 0.1 
  144 G1    3.3850 0.1   3.0537 0.1 
  212 R     8.9115 0.1   0.0737 0.1 
  258 R     7.9984 0.1   6.7552 0.1 
   97 G2    8.0568 0.1   4.3786 0.1 
  125 G3    2.4992 0.1   7.5727 0.1 
  342 R     5.8463 0.1   8.3715 0.1 
  201 G1    3.2773 0.1   2.8364 0.1 
  134 G1    3.0322 0.1   2.9885 0.1 
  294 R     9.1084 0.1   0.3924 0.1 
   85 R     2.3131 0.1   5.3381 0.1 
  493 G2    7.7018 0.1   4.1886 0.1 
   49 G2    6.8455 0.1   5.3275 0.1 
   20 R     3.1847 0.1   4.6099 0.1 
  245 G1    2.3162 0.1   2.6401 0.1 
   34 G1    3.6118 0.1   3.2279 0.1 
  150 R     5.4337 0.1   0.8646 0.1 
  324 R     4.1087 0.1   5.4531 0.1 
  433 R     0.5360 0.1   4.8115 0.1 
   76 G1    3.2316 0.1   3.2880 0.1 
  368 G2    7.7418 0.1   4.1963 0.1 
  395 R     0.9920 0.1   0.0613 0.1 
  336 R     3.0570 0.1   7.9634 0.1 
  304 G1    3.1019 0.1   2.7858 0.1 
  102 G1    3.3168 0.1   2.9806 0.1 
   92 R     2.1345 0.1   5.6441 0.1 
   54 G3    2.6597 0.1   7.7683 0.1 
  230 R     0.3619 0.1   6.8231 0.1 
  328 G2    8.2691 0.1   2.3093 0.1 
   96 G2    7.6761 0.1   4.2953 0.1 
  114 G1    3.6222 0.1   3.0281 0.1 
   69 G3    2.5177 0.1   7.6479 0.1 
  362 R     7.6105 0.1   6.9655 0.1 
  396 R     5.3423 0.1   4.0541 0.1 
  376 G3    1.9449 0.1   6.9004 0.1 
  170 R     2.8504 0.1   2.3025 0.1 
  295 G1    3.7208 0.1   2.8227 0.1 
  283 G1    3.4024 0.1   2.7779 0.1 
  233 G1    2.6549 0.1   2.6770 0.1 
  244 R     1.6985 0.1   6.1810 0.1 
  177 G1    3.4916 0.1   2.9015 0.1 
  383 G2    7.3752 0.1   5.2883 0.1 
  149 R     6.1515 0.1   2.3484 0.1 
  438 G2    6.1077 0.1   5.5114 0.1 
  350 R     1.1288 0.1   9.2033 0.1 
  404 G1    2.6038 0.1   2.8484 0.1 
  232 G3    3.8136 0.1   8.6905 0.1 
  198 G1    2.5965 0.1   3.1526 0.1 
  163 G1    2.5948 0.1   2.5947 0.1 
  248 R     0.0382 0.1   6.4645 0.1 
  203 G3    2.7206 0.1   6.8999 0.1 
  154 G1    2.9277 0.1   2.9689 0.1 
  413 G2    6.2188 0.1   4.6579 0.1 
   10 G1    3.3678 0.1   2.9414 0.1 
  172 G3    3.5220 0.1   8.4447 0.1 
  269 R     1.3959 0.1   9.4364 0.1 
   97 G3    2.8984 0.1   7.8537 0.1 
  195 G1    2.7577 0.1   3.0969 0.1 
  151 R     5.9829 0.1   4.6601 0.1 
   42 G1    3.7321 0.1   3.4064 0.1 
  120 R     7.8044 0.1   8.7838 0.1 
  243 R     4.3313 0.1   9.6584 0.1 
  151 G2    6.7315 0.1   5.0953 0.1 
  311 G2    6.6337 0.1   5.8074 0.1 
  495 G2    6.3602 0.1   5.1862 0.1 
  373 G3    3.2390 0.1   8.3439 0.1 
  306 G3    2.8464 0.1   7.8941 0.1 
  253 G1    3.1502 0.1   2.5009 0.1 
  165 G1    2.5822 0.1   3.0785 0.1 
  430 G3    3.2851 0.1   8.3714 0.1 
  198 G2    7.1565 0.1   4.9101 0.1 
  153 R     1.2485 0.1   4.7591 0.1 
  181 G1    2.1370 0.1   2.5652 0.1 
  391 G2    7.2748 0.1   5.4280 0.1 
   19 G2    7.3624 0.1   4.5829 0.1 
   15 G2    7.3687 0.1   4.7606 0.1 
  172 G2    6.4925 0.1   5.6221 0.1 
   62 G1    2.3684 0.1   3.0614 0.1 
  127 G2    6.9813 0.1   3.0277 0.1 
  229 G3    3.0375 0.1   7.8142 0.1 
  359 G3    4.2971 0.1   8.2923 0.1 
  153 G3    3.7650 0.1   8.6603 0.1 
  300 G3    2.6313 0.1   7.7993 0.1 
  421 G2    6.3229 0.1   5.3809 0.1 
  135 R     1.2553 0.1   5.2533 0.1 
   35 G1    3.5123 0.1   3.2182 0.1 
  328 G3    4.9804 0.1   6.4258 0.1 
  484 G1    2.8225 0.1   2.8361 0.1 
  452 G1    2.8321 0.1   3.1931 0.1 
   17 R     2.1925 0.1   3.9114 0.1 
  325 G2    6.5629 0.1   5.1983 0.1 
   49 R     9.6927 0.1   2.1612 0.1 
  418 G1    3.3157 0.1   3.0888 0.1 
  173 R     2.9892 0.1   0.3987 0.1 
  462 G3    2.7417 0.1   7.7037 0.1 
  329 G1    3.1971 0.1   3.0210 0.1 
   90 G3    1.9810 0.1   6.4885 0.1 
  104 G3    3.8074 0.1   8.8164 0.1 
   99 G2    6.5857 0.1   5.6786 0.1 
  443 G2    7.8441 0.1   4.4150 0.1 
  305 R     8.3455 0.1   5.3616 0.1 
  128 G2    6.6023 0.1   5.2985 0.1 
  400 G2    8.3714 0.1   3.5436 0.1 
  380 G1    2.7271 0.1   2.9919 0.1 
  270 G2    5.3479 0.1   6.0761 0.1 
  175 G1    3.0625 0.1   2.5798 0.1 
  110 G2    7.7228 0.1   4.5691 0.1 
  406 G1    1.8208 0.1   2.9384 0.1 
  200 G2    7.8155 0.1   3.1326 0.1 
  387 R     5.3498 0.1   9.3773 0.1 
  250 G3    4.6123 0.1   9.1084 0.1 
  315 R     4.3137 0.1   2.3163 0.1 
  140 G3    2.0691 0.1   7.0337 0.1 
  174 G2    7.9608 0.1   3.9420 0.1 
  474 R     5.4947 0.1   4.3958 0.1 
  138 R     7.9233 0.1   9.5716 0.1 
  394 G2    7.5033 0.1   4.3047 0.1 
  337 G3    2.3038 0.1   8.1035 0.1 
  153 G2    7.6429 0.1   4.2501 0.1 
  482 G1    2.5607 0.1   3.4694 0.1 
  122 G1    3.5396 0.1   3.2401 0.1 
  382 G2    6.6905 0.1   5.3110 0.1 
  398 G2    7.4697 0.1   4.7344 0.1 
   86 G2    8.1642 0.1   3.2918 0.1 
  286 G1    2.7727 0.1   3.2903 0.1 
  392 G3    2.1615 0.1   6.9556 0.1 
  275 G2    8.1609 0.1   3.6561 0.1 
  171 G3    3.4527 0.1   8.4948 0.1 
   97 G1    2.8386 0.1   3.1442 0.1 
  363 G1    2.8879 0.1   3.0697 0.1 
  418 G2    5.9960 0.1   4.9785 0.1 
  322 R     0.7873 0.1   2.7133 0.1 
  220 G3    2.5537 0.1   7.3780 0.1 
  174 R     7.7115 0.1   6.8752 0.1 
  357 G1    3.5560 0.1   2.8817 0.1 
  464 G3    4.1801 0.1   9.2129 0.1 
  115 R     6.0909 0.1   8.3937 0.1 
  420 G2    8.3691 0.1   4.4570 0.1 
  190 G1    3.4746 0.1   2.7988 0.1 
  147 G1    2.8116 0.1   2.8015 0.1 
  265 R     3.9841 0.1   9.2825 0.1 
   32 R     3.6788 0.1   3.9513 0.1 
   26 G1    2.5102 0.1   2.9918 0.1 
  477 G3    1.8484 0.1   6.8370 0.1 
  372 G2    7.8642 0.1   4.1711 0.1 
  247 R     1.5949 0.1   6.8899 0.1 
  224 G1    3.1228 0.1   2.9205 0.1 
  409 R     8.5783 0.1   7.8562 0.1 
  205 R     7.7088 0.1   1.6540 0.1 
  402 G1    3.0345 0.1   2.8339 0.1 
   88 G3    3.1815 0.1   8.2450 0.1 
  300 R     6.9568 0.1   3.4409 0.1 
  252 G2    5.9773 0.1   5.9520 0.1 
  365 G1    2.5463 0.1   3.1509 0.1 
  119 G2    7.2623 0.1   4.7692 0.1 
  407 R     2.8381 0.1   7.2450 0.1 
  335 G2    6.4052 0.1   5.7003 0.1 
  495 G3    2.6723 0.1   7.7144 0.1 
  330 R     4.3430 0.1   8.6420 0.1 
  354 R     1.5189 0.1   3.9677 0.1 
  144 G3    1.6593 0.1   7.3689 0.1 
   88 G1    2.9717 0.1   2.7951 0.1 
  119 G3    2.7142 0.1   7.6128 0.1 
  237 G1    3.2120 0.1   3.2306 0.1 
  401 G2    6.0972 0.1   6.0459 0.1 
  160 R     9.3615 0.1   1.3005 0.1 
  361 G1    2.3981 0.1   3.0078 0.1 
  307 G2    7.3008 0.1   6.3618 0.1 
  403 G1    3.2656 0.1   2.8941 0.1 
   66 G1    2.7115 0.1   3.0268 0.1 
  389 R     1.5902 0.1   0.7367 0.1 
  274 G3    2.5715 0.1   7.7634 0.1 
  309 R     9.2579 0.1   3.4916 0.1 
   75 R     4.5499 0.1   5.2576 0.1 
  387 G1    2.0264 0.1   2.9922 0.1 
  358 G1    3.0442 0.1   2.6448 0.1 
    9 G1    2.2338 0.1   2.7958 0.1 
   79 R     5.5790 0.1   0.4993 0.1 
   90 R     5.6066 0.1   1.6646 0.1 
  145 G1    3.5075 0.1   3.2897 0.1 
   95 G1    3.7948 0.1   2.9006 0.1 
  252 G3    2.6127 0.1   7.6051 0.1 
   23 G3    4.2236 0.1   5.2832 0.1 
  178 G3    2.9638 0.1   8.1536 0.1 
   81 G1    2.8946 0.1   2.9114 0.1 
  415 G2    6.7150 0.1   5.2461 0.1 
  385 G3    2.3202 0.1   7.2014 0.1 
   61 R     7.9253 0.1   2.7635 0.1 
   87 G3    3.3512 0.1   8.2265 0.1 
  353 G1    3.0826 0.1   2.5703 0.1 
   98 G3    3.0572 0.1   7.6580 0.1 
  411 G3    3.0282 0.1   9.2172 0.1 
  498 G2    5.4997 0.1   5.9875 0.1 
  245 G3    3.4009 0.1   8.6237 0.1 
  478 R     2.1370 0.1   4.1538 0.1 
  333 G2    6.5069 0.1   5.5891 0.1 
  141 R     3.2304 0.1   9.1988 0.1 
  419 R     0.4025 0.1   2.9031 0.1 
   25 R     9.0279 0.1   4.4280 0.1 
  466 G2    8.7201 0.1   3.8497 0.1 
  188 G2    5.8399 0.1   6.4686 0.1 
  211 G3    3.0653 0.1   8.1084 0.1 
  288 G3    2.5901 0.1   6.6811 0.1 
   16 G3    3.7849 0.1   8.4666 0.1 
   35 R     3.0283 0.1   5.6532 0.1 
  139 G3    3.5348 0.1   7.8658 0.1 
  137 G1    2.7475 0.1   3.0255 0.1 
  468 G2    7.3031 0.1   5.1686 0.1 
  268 G3    2.7335 0.1   7.5771 0.1 
  473 R     0.7575 0.1   4.4744 0.1 
  264 R     5.5352 0.1   4.1355 0.1 
   54 G1    2.6039 0.1   3.3734 0.1 
  131 G3    4.4996 0.1   8.5186 0.1 
  474 G3    1.9136 0.1   6.5386 0.1 
  190 G2    7.1552 0.1   4.6969 0.1 
  423 R     6.5268 0.1   1.8229 0.1 
  433 G1    2.5178 0.1   3.1869 0.1 
   40 G1    3.0397 0.1   2.8353 0.1 
  396 G1    3.6029 0.1   3.4119 0.1 
  429 G1    3.1230 0.1   3.1958 0.1 
  317 G2    6.2867 0.1   5.3499 0.1 
  301 G3    2.3194 0.1   7.3005 0.1 
  339 G2    5.8665 0.1   5.5414 0.1 
  485 R     2.5606 0.1   1.4105 0.1 
  351 R     5.5585 0.1   9.4234 0.1 
  157 G2    6.9491 0.1   5.1354 0.1 
  137 G3    3.4581 0.1   8.2404 0.1 
  325 G3    2.7215 0.1   8.3504 0.1 
  376 R     1.3262 0.1   8.7868 0.1 
   74 G3    1.7802 0.1   6.7377 0.1 
  448 G3    3.5264 0.1   8.0284 0.1 
  194 G2    7.0549 0.1   5.0726 0.1 
  345 R     2.2814 0.1   7.4390 0.1 
  462 R     9.2183 0.1   9.5912 0.1 
  332 G2    6.7585 0.1   5.5056 0.1 
   93 G2    6.8043 0.1   5.1705 0.1 
    2 G1    2.9809 0.1   3.1787 0.1 
  455 G3    2.5242 0.1   7.9823 0.1 
   13 G1    2.4936 0.1   2.8165 0.1 
   26 G3    2.2101 0.1   7.4317 0.1 
   59 G2    6.6272 0.1   5.1648 0.1 
  263 G2    7.2271 0.1   6.0292 0.1 
  367 G3    2.7133 0.1   7.8038 0.1 
    6 G1    2.0157 0.1   2.8324 0.1 
   16 G2    7.4346 0.1   4.3102 0.1 
  166 G3    2.2715 0.1   6.7145 0.1 
   48 G2    6.3311 0.1   5.5833 0.1 
  276 G3    3.2621 0.1   8.3473 0.1 
  215 G1    3.5753 0.1   2.9993 0.1 
  280 R     0.0855 0.1   1.3561 0.1 
  344 G3    3.3703 0.1   9.1442 0.1 
   17 G1    3.6754 0.1   2.9688 0.1 
   94 G2    7.4270 0.1   4.5526 0.1 
  264 G2    8.0293 0.1   4.2348 0.1 
  411 G2    7.6083 0.1   4.4446 0.1 
   60 G2    7.4020 0.1   4.6228 0.1 
  496 R     5.6875 0.1   7.0369 0.1 
  480 R     5.1424 0.1   3.5018 0.1 
  226 G1    2.8077 0.1   2.6968 0.1 
  147 G2    7.6750 0.1   4.3882 0.1 
  138 G3    2.8993 0.1   8.4014 0.1 
  344 R     9.5304 0.1   5.5407 0.1 
  217 R     2.1756 0.1   8.1598 0.1 
  222 R     5.7427 0.1   2.6827 0.1 
  393 G3    2.6218 0.1   7.5580 0.1 
  465 G2    8.5702 0.1   4.1423 0.1 
  162 G3    2.4261 0.1   7.9682 0.1 
   42 G2    8.1959 0.1   3.8290 0.1 
  313 G1    2.6769 0.1   2.4018 0.1 
  245 G2    7.7434 0.1   4.4580 0.1 
  127 R     6.0380 0.1   3.5494 0.1 
   13 R     9.6302 0.1   9.7626 0.1 
  187 G2    8.1094 0.1   3.9924 0.1 
   22 G3    3.5280 0.1   8.3043 0.1 
  182 R     2.7749 0.1   0.1312 0.1 
  124 G2    8.3651 0.1   3.4489 0.1 
  114 G2    8.0550 0.1   5.3068 0.1 
  422 G3    5.5758 0.1   8.3825 0.1 
  113 G3    3.0502 0.1   8.2146 0.1 
  410 G1    3.1473 0.1   3.0605 0.1 
  343 G3    2.5657 0.1   6.7383 0.1 
   44 G3    3.0168 0.1   8.3463 0.1 
  271 G1    3.9009 0.1   2.7390 0.1 
  146 G2    8.3415 0.1   3.7247 0.1 
   52 R     7.0615 0.1   1.9376 0.1 
  365 G3    3.2073 0.1   8.1171 0.1 
  339 G3    3.2948 0.1   8.5413 0.1 
  399 G1    3.1518 0.1   2.6369 0.1 
  221 R     0.1730 0.1   5.4672 0.1 
  480 G1    2.2209 0.1   3.1576 0.1 
  289 R     7.4497 0.1   4.1432 0.1 
  262 G1    3.3236 0.1   2.9854 0.1 
  319 G1    2.6651 0.1   3.0080 0.1 
  386 G3    3.9592 0.1   8.9481 0.1 
  479 G2    7.8114 0.1   3.9668 0.1 
  488 R     0.7954 0.1   5.9735 0.1 
   56 G2    7.5891 0.1   4.3721 0.1 
   31 R     5.4792 0.1   4.0659 0.1 
  383 R     2.7395 0.1   6.3677 0.1 
  189 R     6.2189 0.1   5.6634 0.1 
   97 R     3.2565 0.1   9.4844 0.1 
  441 R     6.2466 0.1   9.4086 0.1 
  376 G2    8.2609 0.1   3.6101 0.1 
  363 G2    6.2317 0.1   5.5108 0.1 
  145 G3    2.2427 0.1   6.3914 0.1 
  244 G1    4.1548 0.1   3.0917 0.1 
  121 R     2.6174 0.1   8.3612 0.1 
  381 G2    6.4016 0.1   4.9783 0.1 
  284 G1    2.5634 0.1   3.2194 0.1 
  168 G1    2.6169 0.1   2.8590 0.1 
   87 G1    2.2872 0.1   2.8980 0.1 
  270 R     4.6009 0.1   3.0164 0.1 
  402 G2    7.2921 0.1   4.2137 0.1 
  458 G2    7.2085 0.1   4.8196 0.1 
  167 G1    2.5461 0.1   3.0854 0.1 
  264 G1    3.0125 0.1   2.9888 0.1 
  132 G2    7.8661 0.1   4.7353 0.1 
  498 G3    3.3696 0.1   8.0263 0.1 
   64 G3    1.6731 0.1   7.0705 0.1 
  448 R     4.7074 0.1   4.6497 0.1 
  409 G1    3.0262 0.1   2.9569 0.1 
  369 G1    2.2764 0.1   3.3557 0.1 
  112 G3    3.5372 0.1   8.1257 0.1 
  253 G2    8.0456 0.1   5.8540 0.1 
   13 G3    3.4368 0.1   7.1456 0.1 
  460 G2    6.7891 0.1   5.7246 0.1 
  304 G2    6.1677 0.1   6.9400 0.1 
   18 G2    8.0624 0.1   4.0771 0.1 
  176 G2    6.5716 0.1   5.8052 0.1 
   21 G2    7.5683 0.1   4.3740 0.1 
  407 G1    2.5578 0.1   3.1830 0.1 
  356 G2    5.8506 0.1   4.2903 0.1 
  469 G2    6.7685 0.1   5.2776 0.1 
  126 R     1.1218 0.1   9.0188 0.1 
  284 G3    4.1029 0.1   9.4897 0.1 
  221 G1    2.6458 0.1   2.9857 0.1 
   27 R     3.7615 0.1   8.0726 0.1 
   37 G1    2.4333 0.1   2.8881 0.1 
  262 G3    4.6944 0.1   8.8074 0.1 
  436 G3    2.9456 0.1   7.9774 0.1 
  320 G1    2.8833 0.1   3.3293 0.1 
  249 G2    7.1711 0.1   4.8129 0.1 
  201 G3    3.2668 0.1   8.2704 0.1 
  420 G1    3.1858 0.1   3.1416 0.1 
  310 G3    2.7297 0.1   7.8266 0.1 
  493 G1    3.0779 0.1   3.0433 0.1 
   62 G3    1.7478 0.1   6.6368 0.1 
  258 G1    3.7311 0.1   2.7158 0.1 
  442 G2    7.4865 0.1   4.6422 0.1 
   32 G2    8.6875 0.1   5.7712 0.1 
  241 G2    6.7154 0.1   5.8405 0.1 
   67 G1    4.0326 0.1   2.7447 0.1 
  219 G2    6.5986 0.1   5.4422 0.1 
  340 G2    8.8437 0.1   3.5209 0.1 
  395 G3    2.8752 0.1   8.3470 0.1 
  446 G1    3.4536 0.1   3.0986 0.1 
   84 R     7.2088 0.1   2.2027 0.1 
  405 G1    2.7269 0.1   2.9593 0.1 
  446 R     0.9812 0.1   8.0974 0.1 
  497 G1    3.2719 0.1   3.1053 0.1 
  279 G3    4.5195 0.1   8.7494 0.1 
  193 G1    3.0024 0.1   3.0752 0.1 
   72 G2    6.7660 0.1   5.1161 0.1 
  235 G1    2.8547 0.1   3.4026 0.1 
  475 R     8.6393 0.1   4.6500 0.1 
  118 G1    2.7785 0.1   2.7850 0.1 
  373 G2    7.2345 0.1   4.4741 0.1 
  360 G2    6.9549 0.1   5.5151 0.1 
  265 G2    7.2420 0.1   4.6744 0.1 
  472 G1    2.3294 0.1   2.9946 0.1 
  413 G1    2.4729 0.1   3.0936 0.1 
   53 G1    3.0683 0.1   3.3408 0.1 
  112 G1    3.0488 0.1   2.8141 0.1 
  404 R     1.0578 0.1   8.6617 0.1 
  456 G1    3.7244 0.1   3.2486 0.1 
  290 G2    7.6505 0.1   4.4083 0.1 
  473 G3    2.4457 0.1   7.3650 0.1 
  302 G1    3.5268 0.1   3.1292 0.1 
   76 R     8.7478 0.1   3.9524 0.1 
  226 G3    2.2384 0.1   7.4444 0.1 
  152 R     5.2482 0.1   4.8986 0.1 
  229 G2    7.6773 0.1   4.3443 0.1 
  274 G1    3.3242 0.1   2.6520 0.1 
  286 G3    3.1528 0.1   8.3960 0.1 
  109 G1    2.9456 0.1   3.4737 0.1 
  218 G1    4.5103 0.1   3.1820 0.1 
  194 G3    3.0371 0.1   8.0395 0.1 
   18 G1    3.6464 0.1   2.8396 0.1 
  189 G1    3.7656 0.1   3.3990 0.1 
  487 G2    7.4090 0.1   4.5940 0.1 
  132 R     8.3328 0.1   8.0234 0.1 
  136 G2    7.5522 0.1   4.5609 0.1 
  168 R     4.1081 0.1   5.3684 0.1 
  338 G3    3.3335 0.1   8.1079 0.1 
  320 G2    5.6917 0.1   4.7111 0.1 
  301 G2    6.5373 0.1   6.1687 0.1 
   19 G3    3.3328 0.1   8.5598 0.1 
  105 G3    2.8585 0.1   8.1558 0.1 
  228 G2    6.3645 0.1   5.2152 0.1 
  482 G3    2.8683 0.1   7.8218 0.1 
  482 G2    7.1351 0.1   4.8631 0.1 
  309 G3    2.3051 0.1   7.2433 0.1 
  369 G2    7.5279 0.1   5.2094 0.1 
   28 R     1.2650 0.1   5.5888 0.1 
  174 G1    3.7902 0.1   2.5444 0.1 
  223 G3    3.1858 0.1   8.2341 0.1 
  276 G2    6.9759 0.1   5.3417 0.1 
   57 R     8.0479 0.1   5.2919 0.1 
   43 G1    2.4781 0.1   3.3250 0.1 
  234 G2    6.8451 0.1   4.8366 0.1 
  352 G3    2.4206 0.1   7.2758 0.1 
   76 G2    6.8231 0.1   5.2042 0.1 
    9 R     5.7434 0.1   5.0592 0.1 
  348 R     3.1883 0.1   8.6041 0.1 
  308 G1    3.2945 0.1   3.1142 0.1 
   34 R     2.4761 0.1   5.5129 0.1 
   61 G3    4.0295 0.1   8.7434 0.1 
  288 R     4.7582 0.1   6.2485 0.1 
  292 G2    5.8258 0.1   6.1002 0.1 
  420 R     8.0743 0.1   6.6718 0.1 
  246 G1    3.7391 0.1   2.8838 0.1 
  378 G1    1.9588 0.1   2.6830 0.1 
  275 R     5.7340 0.1   4.1639 0.1 
   75 G1    2.4735 0.1   2.9555 0.1 
  431 G1    2.9007 0.1   2.9066 0.1 
  456 R     4.4825 0.1   1.0382 0.1 
   56 R     5.4327 0.1   5.1918 0.1 
  173 G3    2.6808 0.1   7.6554 0.1 
  180 R     6.6641 0.1   5.0620 0.1 
  428 G2    7.2098 0.1   4.8756 0.1 
  437 R     7.0348 0.1   5.8028 0.1 
   46 G3    2.7217 0.1   7.7121 0.1 
   74 R     8.7617 0.1   7.7582 0.1 
   29 G3    1.9836 0.1   7.0556 0.1 
  191 G2    7.8542 0.1   3.4211 0.1 
   23 G2    5.3946 0.1   6.3101 0.1 
  380 G3    1.7869 0.1   6.8390 0.1 
  169 G1    3.2186 0.1   3.5263 0.1 
  216 G1    2.3912 0.1   3.1382 0.1 
  209 R     8.6342 0.1   2.0083 0.1 
  478 G1    3.2862 0.1   3.4101 0.1 
  447 G2    7.1148 0.1   4.8063 0.1 
   51 G3    3.1271 0.1   8.4351 0.1 
  389 G1    2.4283 0.1   3.1753 0.1 
  499 R     8.1385 0.1   5.9360 0.1 
  347 G2    7.7933 0.1   4.0400 0.1 
  476 G2    6.7085 0.1   5.3005 0.1 
  182 G3    4.1263 0.1   9.0575 0.1 
   75 G2    6.6730 0.1   4.8169 0.1 
  464 G1    3.1066 0.1   3.0392 0.1 
   18 R     5.1972 0.1   7.1530 0.1 
   24 G2    6.7817 0.1   5.6455 0.1 
   78 R     3.0839 0.1   3.4129 0.1 
  352 G1    2.8870 0.1   3.2867 0.1 
  404 G2    7.0080 0.1   5.3721 0.1 
  399 R     8.0646 0.1   0.4464 0.1 
  247 G1    2.9220 0.1   2.6066 0.1 
  451 G2    7.2035 0.1   4.9024 0.1 
  297 R     3.2370 0.1   1.7019 0.1 
  164 G2    6.6261 0.1   5.3091 0.1 
  418 G3    2.7266 0.1   7.7661 0.1 
  216 G2    6.7812 0.1   5.0102 0.1 
  414 G2    7.6987 0.1   3.7644 0.1 
  230 G1    3.0991 0.1   2.7364 0.1 
  447 R     5.4571 0.1   5.8581 0.1 
   71 G2    6.5320 0.1   5.5934 0.1 
  291 R     5.0425 0.1   7.1248 0.1 
  483 R     6.4073 0.1   2.6087 0.1 
    4 R     7.0687 0.1   5.1785 0.1 
  312 R     1.9069 0.1   5.5737 0.1 
  419 G3    3.3775 0.1   8.3885 0.1 
  347 G3    3.0638 0.1   8.3215 0.1 
   53 R     4.4608 0.1   2.6681 0.1 
  450 G3    3.3940 0.1   9.0904 0.1 
   58 G1    2.9505 0.1   2.9019 0.1 
  294 G2    7.4338 0.1   3.9614 0.1 
  157 R     1.9295 0.1   7.0137 0.1 
  344 G2    5.9649 0.1   5.8791 0.1 
  237 G2    7.2448 0.1   4.4613 0.1 
  240 G2    5.7835 0.1   6.4066 0.1 
  191 G3    3.3047 0.1   8.3908 0.1 
  432 G1    3.9868 0.1   3.0097 0.1 
  233 G2    7.4929 0.1   4.5201 0.1 
  304 R     1.4652 0.1   3.8411 0.1 
   72 G1    2.7850 0.1   3.4817 0.1 
  313 G3    2.7797 0.1   7.7857 0.1 
  316 G2    7.0744 0.1   4.9300 0.1 
   14 G1    3.4206 0.1   3.4833 0.1 
  283 G3    3.9338 0.1   9.9596 0.1 
  478 G3    3.1757 0.1   8.1242 0.1 
   10 R     5.2408 0.1   0.6443 0.1 
   93 G1    2.4500 0.1   3.1374 0.1 
  213 G1    3.2206 0.1   2.8901 0.1 
  140 G1    3.6048 0.1   3.0618 0.1 
   66 G3    1.7344 0.1   7.4980 0.1 
  162 G1    2.9038 0.1   3.1257 0.1 
  479 G3    3.3622 0.1   8.2670 0.1 
  417 R     0.4912 0.1   6.1685 0.1 
  103 R     4.5107 0.1   2.6783 0.1 
  160 G2    6.3249 0.1   5.3592 0.1 
   46 G1    2.4648 0.1   2.9589 0.1 
  321 G2    7.3249 0.1   4.7720 0.1 
  406 R     4.7957 0.1   9.1299 0.1 
  431 G2    7.5691 0.1   4.4651 0.1 
   71 G3    2.8982 0.1   7.8606 0.1 
  148 G3    3.2958 0.1   8.3023 0.1 
  136 G1    2.8864 0.1   3.1811 0.1 
   49 G1    2.9180 0.1   2.8443 0.1 
  334 R     0.9201 0.1   4.1054 0.1 
  490 G2    7.6837 0.1   4.5555 0.1 
  131 R     4.3045 0.1   4.6379 0.1 
  206 G3    3.0015 0.1   8.5712 0.1 
  194 G1    2.9700 0.1   2.6199 0.1 
  307 G1    3.7808 0.1   3.1150 0.1 
  438 G3    4.3936 0.1   7.8902 0.1 
  223 G1    3.2118 0.1   2.8827 0.1 
  401 G1    3.2545 0.1   3.4830 0.1 
   82 G3    1.8684 0.1   7.1523 0.1 
  342 G2    6.4193 0.1   5.4861 0.1 
  111 G3    2.9594 0.1   7.2990 0.1 
  189 G3    3.4618 0.1   8.4648 0.1 
  272 G1    3.0453 0.1   3.2105 0.1 
  263 R     8.3254 0.1   7.0281 0.1 
  485 G3    2.9444 0.1   7.9262 0.1 
  125 R     9.9382 0.1   9.2707 0.1 
  479 R     2.2031 0.1   0.9369 0.1 
  261 G2    7.1977 0.1   4.8297 0.1 
  180 G2    5.8219 0.1   4.1085 0.1 
  405 G2    6.6450 0.1   5.6310 0.1 
  430 G1    3.5002 0.1   3.0570 0.1 
  373 R     2.1157 0.1   7.6124 0.1 
  186 R     7.1274 0.1   1.3008 0.1 
  414 G1    3.3669 0.1   2.7412 0.1 
  382 R     6.7044 0.1   0.5169 0.1 
   78 G3    3.5522 0.1   9.5747 0.1 
   61 G2    6.9262 0.1   5.1668 0.1 
  436 G1    2.7192 0.1   2.8627 0.1 
  211 R     1.7636 0.1   2.7397 0.1 
   72 G3    3.2750 0.1   7.6204 0.1 
  212 G3    2.9674 0.1   6.8971 0.1 
   71 G1    2.8475 0.1   2.7678 0.1 
   15 R     3.4965 0.1   1.8916 0.1 
  392 G2    7.7497 0.1   4.2941 0.1 
  387 G3    3.5461 0.1   8.0922 0.1 
  381 G1    2.0968 0.1   3.1121 0.1 
  336 G1    3.4678 0.1   3.0289 0.1 
  301 G1    2.7869 0.1   2.8774 0.1 
   89 G1    3.2012 0.1   2.9363 0.1 
  451 G3    2.8400 0.1   7.7700 0.1 
   88 G2    8.0413 0.1   3.5984 0.1 
  446 G3    2.1464 0.1   6.7295 0.1 
  247 G2    6.2879 0.1   4.1281 0.1 
  255 G3    2.5258 0.1   7.5296 0.1 
  361 G3    2.6847 0.1   7.5390 0.1 
   96 G1    4.1715 0.1   3.0879 0.1 
  406 G2    6.0407 0.1   5.3183 0.1 
   85 G2    6.2554 0.1   5.3597 0.1 
  242 G1    3.6790 0.1   3.2091 0.1 
  378 G3    2.9174 0.1   7.9174 0.1 
  329 G3    3.8110 0.1   8.9038 0.1 
  320 R     7.5749 0.1   0.8840 0.1 
  169 R     5.7631 0.1   1.5659 0.1 
  282 R     5.4394 0.1   5.6987 0.1 
  158 G1    3.7524 0.1   2.8877 0.1 
  374 G2    7.3465 0.1   5.5036 0.1 
  236 G3    2.8763 0.1   7.7173 0.1 
  360 R     1.0731 0.1   3.0729 0.1 
  259 G1    3.6917 0.1   3.0353 0.1 
  441 G1    2.5323 0.1   2.8756 0.1 
  134 R     5.5324 0.1   2.0145 0.1 
  282 G1    3.9144 0.1   3.2776 0.1 
   65 R     8.6167 0.1   7.5878 0.1 
  113 G2    8.0122 0.1   4.2388 0.1 
  129 G1    2.6860 0.1   3.0266 0.1 
   32 G1    2.9349 0.1   3.0399 0.1 
  163 R     1.4563 0.1   0.9108 0.1 
   24 R     2.9212 0.1   6.5877 0.1 
  439 G1    2.5972 0.1   3.0338 0.1 
  328 G1    2.7513 0.1   2.9834 0.1 
  482 R     7.8919 0.1   4.7199 0.1 
  100 R     1.7852 0.1   8.1213 0.1 
  343 G1    3.6036 0.1   3.1164 0.1 
  191 G1    2.6043 0.1   2.8636 0.1 
  380 R     6.3941 0.1   5.0711 0.1 
  335 G1    2.9287 0.1   2.9995 0.1 
  249 R     0.5527 0.1   8.2078 0.1 
  100 G2    7.0492 0.1   4.8257 0.1 
   86 G3    3.8652 0.1   8.0323 0.1 
  281 G2    7.1922 0.1   5.8109 0.1 
   51 G2    6.6131 0.1   5.4366 0.1 
  475 G3    2.5097 0.1   7.4403 0.1 
  416 R     1.5338 0.1   4.4659 0.1 
  463 G2    6.7600 0.1   5.3646 0.1 
  257 G1    2.2013 0.1   3.4614 0.1 
  241 G3    2.8826 0.1   7.9486 0.1 
   39 G1    3.3200 0.1   2.9443 0.1 
   21 G3    3.0499 0.1   8.0613 0.1 
   10 G2    9.4377 0.1   3.4641 0.1 
  239 G1    2.8415 0.1   3.2066 0.1 
  279 G2    6.0137 0.1   5.4252 0.1 
  142 G1    3.1974 0.1   3.2459 0.1 
  175 G3    2.2987 0.1   7.8867 0.1 
  239 G2    6.3916 0.1   5.2155 0.1 
   67 R     0.1863 0.1   0.7389 0.1 
  288 G2    5.7434 0.1   6.3411 0.1 
  221 G2    7.9402 0.1   3.7848 0.1 
  308 G2    7.5831 0.1   5.7573 0.1 
   35 G3    4.6598 0.1   8.1907 0.1 
   84 G2    6.7345 0.1   5.0086 0.1 
  258 G3    3.1252 0.1   8.1690 0.1 
   70 G2    6.4215 0.1   6.1659 0.1 
   36 G2    7.4960 0.1   4.4935 0.1 
  137 G2    8.0306 0.1   3.7039 0.1 
  319 G3    2.1446 0.1   7.7534 0.1 
  159 G2    7.7381 0.1   3.9095 0.1 
   49 G3    3.3423 0.1   8.2159 0.1 
  388 G1    3.0505 0.1   3.2149 0.1 
  275 G1    2.4584 0.1   2.8680 0.1 
   55 G1    3.1181 0.1   3.3347 0.1 
   38 G2    7.4622 0.1   2.7363 0.1 
  496 G2    6.5934 0.1   5.3387 0.1 
  463 R     8.2529 0.1   6.7894 0.1 
  344 G1    2.4398 0.1   3.1849 0.1 
   33 G2    6.0179 0.1   6.4202 0.1 
  296 R     2.5660 0.1   0.6929 0.1 
   70 R     1.1504 0.1   4.8816 0.1 
  445 R     5.6433 0.1   9.9906 0.1 
  450 G2    6.0766 0.1   6.1372 0.1 
  475 G1    3.2348 0.1   2.9375 0.1 
  233 R     3.8198 0.1   1.0842 0.1 
  218 G2    7.2191 0.1   4.8016 0.1 
  139 G1    1.8978 0.1   2.7534 0.1 
  386 G2    8.0880 0.1   3.3298 0.1 
  204 G1    3.1516 0.1   2.9329 0.1 
  445 G2    6.5931 0.1   5.1997 0.1 
  256 G1    2.9042 0.1   2.7297 0.1 
  321 G1    4.1796 0.1   3.0855 0.1 
   90 G2    7.8685 0.1   4.3548 0.1 
  120 G3    3.3732 0.1   8.4814 0.1 
   65 G2    7.2591 0.1   4.5772 0.1 
  371 G3    1.9135 0.1   6.9128 0.1 
  188 G1    3.3376 0.1   3.1996 0.1 
  462 G1    2.6859 0.1   3.0960 0.1 
   75 G3    1.4260 0.1   6.4790 0.1 
  330 G3    2.3489 0.1   7.1482 0.1 
  445 G1    2.9688 0.1   2.7150 0.1 
  121 G2    6.5453 0.1   5.6057 0.1 
  114 G3    5.0238 0.1   8.1922 0.1 
  228 G1    3.8813 0.1   3.0083 0.1 
   11 R     5.7356 0.1   6.7453 0.1 
  410 R     9.2119 0.1   6.1006 0.1 
    0 G3    3.7405 0.1   9.0444 0.1 
  228 R     1.8959 0.1   6.3872 0.1 
  279 G1    2.7715 0.1   3.1840 0.1 
  216 G3    2.8639 0.1   8.4302 0.1 
  107 G3    3.7474 0.1   7.8126 0.1 
  210 R     2.4762 0.1   7.4626 0.1 
   12 G1    2.9670 0.1   2.9932 0.1 
  134 G3    2.9638 0.1   7.7484 0.1 
  457 R     1.8171 0.1   2.6215 0.1 
  217 G2    7.4437 0.1   4.5447 0.1 
  429 G2    7.2233 0.1   4.7554 0.1 
  167 R     4.5840 0.1   0.4075 0.1 
  434 G3    3.1282 0.1   8.7930 0.1 
  411 G1    3.3336 0.1   2.9873 0.1 
  294 G1    3.1927 0.1   2.8942 0.1 
  205 G1    2.9812 0.1   2.4696 0.1 
  336 G2    7.2698 0.1   4.6156 0.1 
  467 R     7.9967 0.1   4.2606 0.1 
  176 R     3.1974 0.1   4.3671 0.1 
  474 G1    3.5276 0.1   3.1314 0.1 
  278 G1    2.8376 0.1   3.2407 0.1 
  455 G2    7.3999 0.1   3.9212 0.1 
  106 G2    7.2387 0.1   4.7709 0.1 
  181 G3    2.5047 0.1   7.8916 0.1 
  376 G1    3.1895 0.1   2.8013 0.1 
  457 G3    4.0067 0.1   8.2243 0.1 
    2 G3    2.7854 0.1   7.8775 0.1 
  497 R     9.4718 0.1   3.2343 0.1 
  337 G1    2.4976 0.1   3.1376 0.1 
  453 G2    6.3885 0.1   5.3575 0.1 
  126 G2    6.9744 0.1   5.8738 0.1 
  348 G2    6.4093 0.1   6.0346 0.1 
  467 G2    9.5898 0.1   2.4849 0.1 
   63 G3    4.1725 0.1   7.4970 0.1 
  313 G2    5.8758 0.1   6.2656 0.1 
  315 G3    2.9269 0.1   9.2124 0.1 
   15 G1    3.0015 0.1   3.1155 0.1 
  149 G3    3.3307 0.1   8.3243 0.1 
   64 G1    3.6388 0.1   3.1256 0.1 
   91 R     4.2560 0.1   1.6892 0.1 
   93 R     7.5697 0.1   1.3969 0.1 
  393 R     3.6681 0.1   1.2077 0.1 
  101 R     2.7784 0.1   9.0558 0.1 
  174 G3    3.8835 0.1   8.7336 0.1 
  207 G2    6.8152 0.1   5.3524 0.1 
  326 R     9.3912 0.1   9.1537 0.1 
  475 G2    6.2045 0.1   5.6051 0.1 
  121 G3    2.1329 0.1   6.9838 0.1 
  352 R     9.4356 0.1   9.3052 0.1 
   20 G3    3.3809 0.1   8.3096 0.1 
  303 G2    7.2888 0.1   5.4701 0.1 
  356 G1    3.2732 0.1   3.2875 0.1 
   79 G1    3.2909 0.1   3.4982 0.1 
  316 G1    3.2662 0.1   2.4600 0.1 
  401 G3    3.0419 0.1   7.2960 0.1 
  372 R     1.6120 0.1   4.3205 0.1 
  346 G1    2.7852 0.1   3.0292 0.1 
  237 R     8.6220 0.1   9.6267 0.1 
   83 G1    3.1441 0.1   2.6328 0.1 
   73 G2    6.8593 0.1   5.1109 0.1 
  385 G1    2.6383 0.1   2.7904 0.1 
   50 G3    2.9121 0.1   7.9150 0.1 
  485 G2    5.8529 0.1   5.9315 0.1 
  336 G3    1.9882 0.1   7.3124 0.1 
  124 R     0.4979 0.1   6.9106 0.1 
  265 G1    3.2809 0.1   3.0135 0.1 
  487 R     1.2626 0.1   4.6232 0.1 
  176 G3    3.1672 0.1   8.1661 0.1 
   22 G1    3.1717 0.1   2.9364 0.1 
  106 G1    3.2035 0.1   2.8097 0.1 
  464 R     1.8788 0.1   9.5900 0.1 
  160 G1    2.9651 0.1   2.9306 0.1 
   53 G2    7.3223 0.1   4.8690 0.1 
  107 G2    7.6614 0.1   4.8133 0.1 
  141 G3    2.2027 0.1   7.2319 0.1 
   26 G2    6.6298 0.1   5.6596 0.1 
  487 G1    2.4167 0.1   3.4967 0.1 
  159 R     5.6272 0.1   2.4964 0.1 
  370 G3    4.2615 0.1   8.2412 0.1 
  338 G1    2.6621 0.1   3.1984 0.1 
  104 G1    2.4234 0.1   3.4946 0.1 
  378 G2    7.2738 0.1   4.5035 0.1 
  154 R     8.1937 0.1   4.3775 0.1 
  395 G2    6.9640 0.1   5.1085 0.1 
   36 G1    3.1371 0.1   3.1450 0.1 
  355 G2    7.1621 0.1   4.8124 0.1 
  451 G1    3.5477 0.1   3.2275 0.1 
   14 G3    4.0661 0.1   8.2879 0.1 
  450 R     4.9258 0.1   3.3919 0.1 
  330 G1    2.5646 0.1   3.2239 0.1 
  269 G1    2.2696 0.1   3.2408 0.1 
  416 G1    3.4268 0.1   3.1751 0.1 
  282 G2    6.2776 0.1   6.5194 0.1 
  412 G1    3.5288 0.1   2.8460 0.1 
  489 G1    2.9131 0.1   3.0701 0.1 
  314 G3    2.6338 0.1   7.6637 0.1 
  261 G1    2.5628 0.1   3.0488 0.1 
  412 G3    2.9480 0.1   7.9202 0.1 
  203 G2    7.8616 0.1   4.0485 0.1 
  280 G3    2.5124 0.1   7.1042 0.1 
   56 G1    2.2418 0.1   2.6871 0.1 
  418 R     3.8141 0.1   0.4103 0.1 
    3 G2    6.6245 0.1   6.4438 0.1 
   28 G2    5.6873 0.1   4.9464 0.1 
  468 G3    2.6801 0.1   7.7851 0.1 
  488 G3    3.5602 0.1   8.8158 0.1 
  128 G3    2.5183 0.1   7.7192 0.1 
  138 G1    2.6147 0.1   3.3239 0.1 
  117 G2    8.0605 0.1   3.5898 0.1 
  461 G3    3.5227 0.1   9.0414 0.1 
  181 R     0.4395 0.1   5.1279 0.1 
   70 G3    3.3240 0.1   8.2631 0.1 
  413 G3    3.6933 0.1   8.1121 0.1 
   11 G2    7.3844 0.1   4.5051 0.1 
  348 G1    2.7895 0.1   2.7062 0.1 
   22 R     2.5710 0.1   5.2467 0.1 
   91 G2    6.9285 0.1   5.0326 0.1 
  196 G1    3.7359 0.1   3.1501 0.1 
  449 G2    7.2751 0.1   4.7286 0.1 
   40 R     8.1756 0.1   4.2589 0.1 
  222 G1    2.8920 0.1   2.9600 0.1 
  462 G2    6.0873 0.1   6.0956 0.1 
  491 R     1.9958 0.1   2.2893 0.1 
  273 R     2.8280 0.1   9.1256 0.1 
  359 G2    6.1411 0.1   5.7145 0.1 
  170 G3    2.7891 0.1   8.2661 0.1 
  488 G2    7.0669 0.1   4.8604 0.1 
  311 G3    1.0221 0.1   8.0468 0.1 
  320 G3    2.4301 0.1   7.6830 0.1 
   38 G3    3.4020 0.1   8.5979 0.1 
  287 G2    6.4476 0.1   5.2627 0.1 
  208 R     1.9566 0.1   9.6823 0.1 
  384 R     3.0975 0.1   5.9597 0.1 
  259 G3    3.1716 0.1   8.3680 0.1 
  202 G3    2.4990 0.1   7.3791 0.1 
  332 R     8.2767 0.1   8.2825 0.1 
  306 G2    8.9602 0.1   3.7774 0.1 
  433 G2    6.1130 0.1   5.8814 0.1 
  177 G2    6.5542 0.1   5.1234 0.1 
  432 G3    2.7097 0.1   6.7598 0.1 
  378 R     3.0217 0.1   0.2678 0.1 
  297 G2    6.7749 0.1   5.0891 0.1 
  353 G3    2.9266 0.1   8.4042 0.1 
  187 G1    3.6727 0.1   2.5906 0.1 
  162 R     0.8891 0.1   5.3041 0.1 
  233 G3    2.7823 0.1   7.8490 0.1 
   60 G3    3.3916 0.1   6.7770 0.1 
  491 G1    3.4624 0.1   2.5132 0.1 
  231 G3    2.6861 0.1   7.5042 0.1 
  490 G3    3.3841 0.1   8.3041 0.1 
  172 G1    3.3280 0.1   3.4056 0.1 
  469 G1    2.6748 0.1   2.7691 0.1 
   67 G3    2.8537 0.1   7.6312 0.1 
   98 R     3.6618 0.1   8.9824 0.1 
  346 G3    3.7444 0.1   7.8647 0.1 
  185 R     3.0753 0.1   5.5669 0.1 
   35 G2    6.2918 0.1   5.6505 0.1 
   51 G1    2.5466 0.1   2.9851 0.1 
  331 G1    3.4425 0.1   3.2539 0.1 
   89 G2    7.7783 0.1   3.6763 0.1 
   79 G3    2.7214 0.1   7.6281 0.1 
  403 G2    8.5427 0.1   4.8129 0.1 
  185 G2    6.8173 0.1   5.1934 0.1 
  273 G3    3.3567 0.1   9.1390 0.1 
  130 G3    3.1980 0.1   8.3725 0.1 
  333 G3    3.0215 0.1   7.8557 0.1 
  242 R     7.7784 0.1   3.5679 0.1 
  375 G3    3.3441 0.1   8.6102 0.1 
   44 R     5.6380 0.1   8.7708 0.1 
  425 R     5.5980 0.1   8.2899 0.1 
   63 R     6.9019 0.1   2.4560 0.1 
   16 G1    3.4122 0.1   2.9379 0.1 
   31 G3    2.8336 0.1   7.9707 0.1 
   27 G2    5.7525 0.1   5.7002 0.1 
  355 G3    2.3335 0.1   7.7495 0.1 
  380 G2    5.7561 0.1   4.1441 0.1 
  114 R     5.2379 0.1   7.8380 0.1 
   68 G1    2.3627 0.1   2.8480 0.1 
  193 G2    6.8113 0.1   5.3898 0.1 
  240 G1    2.5297 0.1   3.1253 0.1 
  423 G1    2.9423 0.1   3.0407 0.1 
  154 G3    2.8305 0.1   7.3975 0.1 
  466 G3    1.7664 0.1   6.8026 0.1 
   12 R     7.3756 0.1   2.7059 0.1 
  361 G2    6.5808 0.1   5.6081 0.1 
  172 R     5.3082 0.1   5.9007 0.1 
  256 G2    6.1498 0.1   5.9134 0.1 
   59 G1    3.2896 0.1   3.1166 0.1 
  140 G2    8.8854 0.1   3.8427 0.1 
   31 G2    5.7214 0.1   5.8841 0.1 
   15 G3    3.0002 0.1   7.7592 0.1 
  397 G1    2.8039 0.1   2.7292 0.1 
  419 G2    6.7032 0.1   5.7321 0.1 
  112 G2    7.2702 0.1   4.5468 0.1 
  312 G1    3.2791 0.1   2.6487 0.1 
  362 G2    7.9279 0.1   3.8747 0.1 
  266 G1    3.2957 0.1   2.9176 0.1 
  298 G1    4.5145 0.1   3.1561 0.1 
  486 G3    2.8299 0.1   7.7574 0.1 
  426 G1    3.1849 0.1   3.1310 0.1 
   87 G2    6.0169 0.1   5.1856 0.1 
  469 R     2.0677 0.1   6.6889 0.1 
  486 R     6.9461 0.1   6.9784 0.1 
  171 G2    8.8496 0.1   3.7874 0.1 
  196 R     0.7286 0.1   6.5862 0.1 
  470 R     8.1254 0.1   2.0350 0.1 
  199 G2    6.8785 0.1   4.3434 0.1 
  468 G1    3.9627 0.1   2.8673 0.1 
  302 R     4.3383 0.1   5.7567 0.1 
   34 G3    1.9279 0.1   7.2160 0.1 
    9 G3    2.1880 0.1   7.7292 0.1 
  364 G2    6.1668 0.1   5.0729 0.1 
  490 G1    3.6160 0.1   3.1897 0.1 
  394 R     8.1380 0.1   4.4522 0.1 
  323 G2    7.0754 0.1   4.6384 0.1 
  449 R     8.1468 0.1   6.8028 0.1 
  284 R     4.3317 0.1   1.6713 0.1 
  469 G3    2.6350 0.1   7.6137 0.1 
  428 G1    2.7151 0.1   2.8943 0.1 
  226 G2    7.7477 0.1   5.4397 0.1 
  255 R     4.2838 0.1   8.2295 0.1 
   27 G3    2.9877 0.1   7.9829 0.1 
  205 G3    3.5537 0.1   8.3338 0.1 
  388 G2    7.8270 0.1   4.4613 0.1 
  151 G1    2.2381 0.1   3.3729 0.1 
  367 G1    3.2203 0.1   2.7975 0.1 
  448 G2    7.5515 0.1   4.5669 0.1 
  439 R     3.7631 0.1   6.7729 0.1 
  102 G2    7.7047 0.1   4.3275 0.1 
  254 R     3.1979 0.1   4.4350 0.1 
  276 G1    2.2410 0.1   2.9756 0.1 
  111 R     1.5631 0.1   8.9995 0.1 
  316 G3    3.3213 0.1   8.2328 0.1 
  465 G1    3.1440 0.1   3.0066 0.1 
  453 G3    3.2086 0.1   7.8974 0.1 
  353 R     1.5624 0.1   2.9769 0.1 
  255 G1    3.2708 0.1   3.0936 0.1 
  314 G1    3.2729 0.1   3.2442 0.1 
  281 R     4.8620 0.1   3.9037 0.1 
  309 G1    4.0451 0.1   2.6774 0.1 
  108 G3    4.0145 0.1   9.1462 0.1 
  148 G2    6.6692 0.1   5.7900 0.1 
  145 R     2.4383 0.1   4.9266 0.1 
  345 G1    3.0333 0.1   3.1258 0.1 
   69 G1    3.2638 0.1   2.9295 0.1 
  371 G1    2.9209 0.1   2.7065 0.1 
  427 G2    4.9706 0.1   5.5432 0.1 
  321 G3    1.6199 0.1   7.8878 0.1 
   47 G3    4.0514 0.1   8.3073 0.1 
  357 R     1.9202 0.1   2.7460 0.1 
   48 G1    2.7963 0.1   2.9515 0.1 
   52 G2    7.1809 0.1   4.8257 0.1 
  381 G3    2.1849 0.1   5.4052 0.1 
  421 R     4.8904 0.1   5.7835 0.1 
  157 G1    3.0449 0.1   2.6322 0.1 
  494 G1    3.2085 0.1   3.2298 0.1 
  251 G1    3.0176 0.1   3.2370 0.1 
  324 G1    2.1447 0.1   2.7414 0.1 
  431 G3    1.8222 0.1   7.1052 0.1 
  213 R     4.7566 0.1   1.2117 0.1 
   70 G1    2.5934 0.1   2.9003 0.1 
  357 G2    7.3443 0.1   4.7161 0.1 
  322 G1    2.1056 0.1   3.0789 0.1 
  224 G2    7.4949 0.1   4.7881 0.1 
  356 G3    4.8038 0.1   9.4080 0.1 
  271 G2    8.3418 0.1   3.8409 0.1 
  360 G3    3.2421 0.1   9.6690 0.1 
  273 G2    6.3641 0.1   6.4751 0.1 
  141 G2    7.0492 0.1   4.9457 0.1 
   21 R     7.9936 0.1   7.0862 0.1 
  184 R     6.1533 0.1   5.1256 0.1 
  384 G3    3.3946 0.1   8.0345 0.1 
  327 G2    6.1515 0.1   5.7537 0.1 
  244 G2    6.1731 0.1   5.8196 0.1 
  142 R     2.0398 0.1   8.4665 0.1 
  165 G2    8.8099 0.1   3.8919 0.1 
  225 G2    8.0963 0.1   4.2969 0.1 
  499 G2    6.7863 0.1   5.4426 0.1 
  179 G2    6.6937 0.1   6.2303 0.1 
  200 G1    2.5209 0.1   2.8498 0.1 
   96 R     0.1722 0.1   3.5358 0.1 
  443 R     8.5938 0.1   7.9860 0.1 
  256 G3    3.5563 0.1   8.5312 0.1 
   98 G1    3.2200 0.1   3.4085 0.1 
  302 G3    2.0948 0.1   7.1734 0.1 
  171 R     2.0576 0.1   3.5875 0.1 
  177 G3    4.0977 0.1   8.8559 0.1 
    7 G2    6.6591 0.1   5.7854 0.1 
   16 R     9.7951 0.1   1.6533 0.1 
  350 G1    4.2410 0.1   2.7771 0.1 
  206 G2    7.0428 0.1   4.5928 0.1 
  326 G2    7.3104 0.1   4.9144 0.1 
    6 R     6.9562 0.1   6.2261 0.1 
  319 R     7.2077 0.1   3.8567 0.1 
  490 R     4.0736 0.1   6.8006 0.1 
  403 G3    3.7167 0.1   8.7251 0.1 
  303 R     0.9261 0.1   2.4287 0.1 
  405 R     1.9470 0.1   7.0684 0.1 
   85 G3    2.9411 0.1   7.8810 0.1 
   31 G1    3.7504 0.1   2.7840 0.1 
   50 R     0.5469 0.1   4.6440 0.1 
  305 G3    2.6258 0.1   7.8837 0.1 
  341 G3    2.6045 0.1   7.7400 0.1 
  267 G3    3.2665 0.1   8.1028 0.1 
  454 G3    5.1691 0.1   9.4895 0.1 
  132 G1    2.3210 0.1   2.6558 0.1 
  186 G3    3.2107 0.1   8.2537 0.1 
  175 R     9.1663 0.1   5.2989 0.1 
  223 R     1.6636 0.1   8.7286 0.1 
  405 G3    4.6410 0.1   9.2598 0.1 
  200 R     7.0957 0.1   9.0741 0.1 
  392 G1    3.0691 0.1   3.0637 0.1 
  349 R     9.3604 0.1   2.4347 0.1 
  301 R     3.3692 0.1   4.8902 0.1 
  429 G3    2.7898 0.1   7.7122 0.1 
  435 G3    3.7967 0.1   8.0450 0.1 
  488 G1    2.9565 0.1   3.0516 0.1 
   93 G3    2.0141 0.1   7.3353 0.1 
  389 G2    7.8084 0.1   4.2054 0.1 
  313 R     6.2928 0.1   3.4521 0.1 
  199 R     3.9619 0.1   4.6856 0.1 
   55 G2    7.8304 0.1   4.6802 0.1 
  260 G2    6.8912 0.1   5.1916 0.1 
   26 R     8.1894 0.1   2.5606 0.1 
  287 G1    2.7453 0.1   2.8298 0.1 
  459 R     0.9837 0.1   0.1824 0.1 
  303 G1    2.3783 0.1   2.8432 0.1 
  195 R     2.0854 0.1   1.7496 0.1 
    8 G1    3.4064 0.1   3.1835 0.1 
